"Temp"	"S"	"K"	"BMmax"	"Z"	"omega"	"TLmax"	"maxBM"
20	100	1	6	0	0.1	4.05020293890085	894907.587913513
20	100	1	6	0	0.1	4.05008845278571	539349.966629485
20	100	1	6	0	0.1	4.35326786341793	4809526.79599428
20	100	1	6	0	0.1	3.02706406714896	334.594951810852
20	100	1	6	0	0.1	3.97154349451609	3042894.76674405
20	100	1	6	0	0.1	3.53487350842165	9060517.09220957
20	100	1	6	0	0.1	4.85196220880616	980453.426519725
20	100	1	6	0	0.1	3.94689148034184	9565863.74455916
20	100	1	6	0	0.1	3.78560858728139	3234587.29838513
20	100	1	6	0	0.1	4.21532178188999	169481.857356532
20	100	1	6	0	0.1	3.29011949233677	1498.65714353459
20	100	1	6	0	0.1	4.66143204812669	118254.531760173
20	100	1	6	0	0.1	4.57309045439063	284943.504289347
20	100	1	6	0	0.1	3.52502894935914	5103889.97724941
20	100	1	6	0	0.1	3.7677518440344	5849995.0514952
20	100	1	6	0	0.1	3.97408228849759	2951001.81549765
20	100	1	6	0	0.1	3.42217190841818	3831575.86213244
20	100	1	6	0	0.1	3.84566329276917	10829.0359686957
20	100	1	6	0	0.1	4.5534180931465	1887069.28997579
20	100	1	6	0	0.1	3.42724544040746	5103216.26595909
20	100	1	6	0	0.1	3.97482406269156	2227800.88545257
20	100	1	6	0	0.1	3.62714610984579	3369053.26740818
20	100	1	6	0	0.1	3.51770399522474	5863897.59466891
20	100	1	6	0	0.1	4.18059406027857	9301643.48295076
20	100	1	6	0	0.1	3.53317478952495	3449492.78207361
20	100	1	6	0	0.1	3.30451637924516	939.889929679942
20	100	1	6	0	0.1	4.34568695253443	811925.666685272
20	100	1	6	0	0.1	3.38924717053616	1301.16260016259
20	100	1	6	0	0.1	4.59306423984399	218005.583771289
20	100	1	6	0	0.1	4.20136743127202	2649545.28211239
20	100	1	6	0	0.1	3.5151419724834	6194579.85083748
20	100	1	6	0	0.1	3.90662190858764	678073.521596737
20	100	1	6	0	0.1	3.77078303219687	17794.1923330963
20	100	1	6	0	0.1	4.16395145231728	4506950.99325195
20	100	1	6	0	0.1	2.52026351441204	17579.7101120673
20	100	1	6	0	0.1	4.3104836279558	443852.571093741
20	100	1	6	0	0.1	3.82118988454155	4384669.94620461
20	100	1	6	0	0.1	4.42531272037586	1507420.99146784
20	100	1	6	0	0.1	4.61056013881585	2689817.2321201
20	100	1	6	0	0.1	4.76596885392349	373950.178978579
20	100	1	6	0	0.1	4.167913173439	1921706.65891799
20	100	1	6	0	0.1	3.45771729258308	9785595.04267509
20	100	1	6	0	0.1	3.62084817985734	5840432.28885612
20	100	1	6	0	0.1	4.40354670627325	5424670.62471862
20	100	1	6	0	0.1	2.82393132223687	223.307555590551
20	100	1	6	0	0.1	3.43187243827749	8437727.51166621
20	100	1	6	0	0.1	3.58506905604537	5651696.08193586
20	100	1	6	0	0.1	3.15629622336398	342.318237097587
20	100	1	6	0	0.1	3.78740954621905	498643.907868953
20	100	1	6	0	0.1	3.47307163921055	1694.34138831391
20	100	1	6	0	0.1	3.58173479443703	1855426.97372712
20	100	1	6	0	0.1	2.96145479486403	427.548511587638
20	100	1	6	0	0.1	4.69749026922044	607149.996184183
20	100	1	6	0	0.1	3.50591414968708	5174173.77941827
20	100	1	6	0	0.1	4.23208608660802	426595.229015313
20	100	1	6	0	0.1	4.16224770022481	9155365.27942421
20	100	1	6	0	0.1	3.99989743710359	2678251.64839944
20	100	1	6	0	0.1	4.15213832393386	447107.430336426
20	100	1	6	0	0.1	3.22448381984201	388.348084345891
20	100	1	6	0	0.1	3.05921757086507	1291.45871892871
20	100	1	6	0	0.1	3.53902559831541	11227444.7032983
20	100	1	6	0	0.1	4.81193496013719	437905.502686722
20	100	1	6	0	0.1	4.96815780779764	317432.16342965
20	100	1	6	0	0.1	3.93349977271526	483113.076526993
20	100	1	6	0	0.1	4.64929255827523	2400954.99952782
20	100	1	6	0	0.1	3.38138419003116	4451761.30075132
20	100	1	6	0	0.1	3.69592287786411	4867170.78603868
20	100	1	6	0	0.1	4.67173546119153	1209740.38274597
20	100	1	6	0	0.1	3.01751797717739	478.713070375736
20	100	1	6	0	0.1	3.89056486663891	6252323.13796442
20	100	1	6	0	0.1	3.69311075558451	11543521.1107272
NA	NA	NA	NA	NA	NA	NA	NA
20	100	1	6	0	0.1	3.82077423982393	4824.90301014612
20	100	1	6	0	0.1	2.98077426025886	13290.5347388108
20	100	1	6	0	0.1	2.98402575184293	365.169985867491
20	100	1	6	0	0.1	4.68228199339683	272219.96615281
20	100	1	6	0	0.1	3.38809433386219	3683586.32163412
20	100	1	6	0	0.1	4.23542148000608	2830425.50505043
20	100	1	6	0	0.1	4.10854729243231	3126514.75445215
20	100	1	6	0	0.1	3.52880884994716	4620.30149900573
20	100	1	6	0	0.1	2.73113993985746	897.378301988334
20	100	1	6	0	0.1	4.74308654448981	2183824.83725133
20	100	1	6	0	0.1	3.49324221352455	704337.041632548
20	100	1	6	0	0.1	5.13342426839417	240802.299070223
20	100	1	6	0	0.1	3.00559046353202	208.281699527094
20	100	1	6	0	0.1	3.85202560746716	5789050.61016291
20	100	1	6	0	0.1	3	1474.28337989165
20	100	1	6	0	0.1	3.95325222444369	105795.822529063
20	100	1	6	0	0.1	3.56087477787452	928649.658581875
20	100	1	6	0	0.1	4.12637626206575	1446600.6505755
20	100	1	6	0	0.1	4.14749184415896	1141144.88041804
20	100	1	6	0	0.1	2.62214814305774	6422.69322681979
20	100	1	6	0	0.1	3.99923709001225	6165492.76107385
20	100	1	6	0	0.1	3.62104069790449	3721208.30540873
20	100	1	6	0	0.1	4.4535976605607	57016.2350014489
20	100	1	6	0	0.1	3.68590099761359	4078300.03558094
20	100	1	6	0	0.1	4.34670149624108	1006354.47654514
20	100	1	6	0	0.1	3.69897731531932	10556.2155061209
20	100	1	6	0	0.1	3.50295881371475	4960417.29049138
20	100	1	6	0	0.1	3.42347968533262	13083.5583143975
20	100	1	6	0.25	0.1	2.3417263764442	554.353724460928
20	100	1	6	0.25	0.1	2.70123733383083	135.920994994564
20	100	1	6	0.25	0.1	2.97454103414672	292.517494848862
20	100	1	6	0.25	0.1	2.18102690737041	157.657534132722
20	100	1	6	0.25	0.1	2.85286114612253	373.122435815501
20	100	1	6	0.25	0.1	2.49565106452152	677.707998512502
20	100	1	6	0.25	0.1	2.80277862160656	183.028209150766
20	100	1	6	0.25	0.1	3.10608669607139	496.282402535159
20	100	1	6	0.25	0.1	2.74583242092938	509.586225121452
20	100	1	6	0.25	0.1	2.32268457876837	136.021547912368
20	100	1	6	0.25	0.1	2	14.6129583091401
20	100	1	6	0.25	0.1	2	276.898948820692
20	100	1	6	0.25	0.1	2.54660440226891	134.811333263814
20	100	1	6	0.25	0.1	3.29912482052991	605.099111403373
20	100	1	6	0.25	0.1	3.07089584310385	677.930584368796
20	100	1	6	0.25	0.1	2.38189585253961	431.473643519294
20	100	1	6	0.25	0.1	2.80259909826357	609.654708565135
20	100	1	6	0.25	0.1	2.64907444381476	73.7268419289278
20	100	1	6	0.25	0.1	2.30327627024188	335.959921354966
20	100	1	6	0.25	0.1	2.80243512956664	713.095512373191
20	100	1	6	0.25	0.1	3.00783925573861	459.954839347702
20	100	1	6	0.25	0.1	3.19222146029224	742.288700938227
20	100	1	6	0.25	0.1	3.04813676427233	686.84947915749
20	100	1	6	0.25	0.1	3.19834105560076	418.402880093418
20	100	1	6	0.25	0.1	2.223826966221	637.041051443106
20	100	1	6	0.25	0.1	2.54437412467094	65.4263632149508
20	100	1	6	0.25	0.1	2	13.5012010770799
20	100	1	6	0.25	0.1	2.43509061001444	91.1663706518761
20	100	1	6	0.25	0.1	2.13785469851756	118.104540645313
20	100	1	6	0.25	0.1	2.69288504298242	447.386269619609
20	100	1	6	0.25	0.1	1	921.14416628058
20	100	1	6	0.25	0.1	2.31270006364429	883.258160014671
20	100	1	6	0.25	0.1	2.46526049691211	378.814865298904
20	100	1	6	0.25	0.1	3.27333239677372	479.885380757135
20	100	1	6	0.25	0.1	2.25018883530312	676.003814788792
20	100	1	6	0.25	0.1	2.45654231991037	671.924313834972
20	100	1	6	0.25	0.1	2.88998995458093	274.767842397293
20	100	1	6	0.25	0.1	2.47451142340263	495.981995975209
20	100	1	6	0.25	0.1	2.85420156386082	59.8784508308288
20	100	1	6	0.25	0.1	2.51815794941844	188.917762882215
20	100	1	6	0.25	0.1	2.81616160508197	702.787201008067
20	100	1	6	0.25	0.1	2.86277609177826	604.389140476383
20	100	1	6	0.25	0.1	2.86941927470608	354.273630200915
20	100	1	6	0.25	0.1	2.63683979964592	97.7966796991913
20	100	1	6	0.25	0.1	2	43.6024648517853
20	100	1	6	0.25	0.1	3.224375764077	520.836480214151
20	100	1	6	0.25	0.1	2.16578862250289	1016.47654124943
20	100	1	6	0.25	0.1	2.3800733063876	60.9597043252349
20	100	1	6	0.25	0.1	2.34618503016797	214.281157611809
20	100	1	6	0.25	0.1	2	105.641404367124
20	100	1	6	0.25	0.1	2.85889475495007	481.035363379288
20	100	1	6	0.25	0.1	2.15408455630717	46.3537872950959
20	100	1	6	0.25	0.1	2.54530302286545	140.541080429796
20	100	1	6	0.25	0.1	3.05804086818202	818.892017472271
20	100	1	6	0.25	0.1	2.32065453170134	110.633059820348
20	100	1	6	0.25	0.1	3.03568942969201	183.31868969024
20	100	1	6	0.25	0.1	2.96457820543491	334.823990345829
20	100	1	6	0.25	0.1	2.84101838252536	398.254838127428
20	100	1	6	0.25	0.1	2.19464295676105	11.8025514125075
20	100	1	6	0.25	0.1	2.57191303810507	270.920053084639
20	100	1	6	0.25	0.1	2.56111448328673	399.815184873621
20	100	1	6	0.25	0.1	2.48306500275482	179.689017974008
20	100	1	6	0.25	0.1	2.28687221194141	224.60848031195
20	100	1	6	0.25	0.1	2.35321598773265	586.061378638923
20	100	1	6	0.25	0.1	2.78855922369586	209.13517781518
20	100	1	6	0.25	0.1	2.07265426310945	1042.389077526
20	100	1	6	0.25	0.1	2.68057484167186	608.198993669497
20	100	1	6	0.25	0.1	2.47781622054868	545.961853869196
20	100	1	6	0.25	0.1	2	9.71699424935674
20	100	1	6	0.25	0.1	3.00146618562079	356.477696556827
20	100	1	6	0.25	0.1	3.37002599073181	459.30132667779
NA	NA	NA	NA	NA	NA	NA	NA
20	100	1	6	0.25	0.1	2.08485437028912	277.060429578555
20	100	1	6	0.25	0.1	2.58339251309018	528.853869683208
20	100	1	6	0.25	0.1	2.07199088332159	170.520037795965
20	100	1	6	0.25	0.1	2.60841703891579	181.475188698301
20	100	1	6	0.25	0.1	2.35198384438372	905.283036730471
20	100	1	6	0.25	0.1	2.34921997605129	387.06672705912
20	100	1	6	0.25	0.1	3.16432391823098	444.383403806455
20	100	1	6	0.25	0.1	2.08658489952255	208.921493842153
20	100	1	6	0.25	0.1	2	235.052686441021
20	100	1	6	0.25	0.1	2.80155544742169	177.577180446235
20	100	1	6	0.25	0.1	2	603.581897487443
20	100	1	6	0.25	0.1	2.07323491467193	162.414631906348
20	100	1	6	0.25	0.1	2	9.67153343247839
20	100	1	6	0.25	0.1	2.84504244280471	384.28114843307
20	100	1	6	0.25	0.1	1	364.350097013021
20	100	1	6	0.25	0.1	2.26719999062659	625.425805886571
20	100	1	6	0.25	0.1	2.42823097289876	374.110533308789
20	100	1	6	0.25	0.1	3.09185812340133	378.169758329884
20	100	1	6	0.25	0.1	2.85617617133977	383.567197371723
20	100	1	6	0.25	0.1	2	321.019662572562
20	100	1	6	0.25	0.1	2.85080145671882	290.657815189142
20	100	1	6	0.25	0.1	2.66582745220569	369.217234947699
20	100	1	6	0.25	0.1	2.97479534437455	361.576108782068
20	100	1	6	0.25	0.1	2.95884657870354	634.683804437308
20	100	1	6	0.25	0.1	2.67794648081303	360.876528595554
20	100	1	6	0.25	0.1	2.30718569178113	146.285245557134
20	100	1	6	0.25	0.1	2.82047429184528	845.482195345048
20	100	1	6	0.25	0.1	2.19224832546506	95.500688650754
20	100	1	6	0.5	0.1	2	363.496409477613
20	100	1	6	0.5	0.1	2.10094495772365	108.875755860695
20	100	1	6	0.5	0.1	2.16452927562667	215.519333468665
20	100	1	6	0.5	0.1	2	122.617765065834
20	100	1	6	0.5	0.1	2.34874150478601	278.27060301098
20	100	1	6	0.5	0.1	2.20245862466245	437.763869201102
20	100	1	6	0.5	0.1	2.20724214321954	143.545833469085
20	100	1	6	0.5	0.1	2.42353982980432	353.430528742697
20	100	1	6	0.5	0.1	2.10733579105716	361.305009479823
20	100	1	6	0.5	0.1	2	110.485565156265
20	100	1	6	0.5	0.1	1	13.8740756165297
20	100	1	6	0.5	0.1	1	153.812388743127
20	100	1	6	0.5	0.1	2.155535854888	103.123591241465
20	100	1	6	0.5	0.1	2.41895209714679	418.604746692835
20	100	1	6	0.5	0.1	2.50035444352653	458.760825461443
20	100	1	6	0.5	0.1	1	286.712234782694
20	100	1	6	0.5	0.1	2.06658600768159	398.517418679242
20	100	1	6	0.5	0.1	2	61.3341315744476
20	100	1	6	0.5	0.1	2	243.968402222883
20	100	1	6	0.5	0.1	2	444.518277790537
20	100	1	6	0.5	0.1	2.21240220142225	315.348491471342
20	100	1	6	0.5	0.1	2.26701210788952	497.963850468647
20	100	1	6	0.5	0.1	2.34236328894035	481.83964872804
20	100	1	6	0.5	0.1	2.6866576213733	313.065105121929
20	100	1	6	0.5	0.1	2.03119135433293	424.896649191316
20	100	1	6	0.5	0.1	2.08379895461101	55.1197924021472
20	100	1	6	0.5	0.1	1	10.6772230506868
20	100	1	6	0.5	0.1	2	75.0732254437378
20	100	1	6	0.5	0.1	2	92.7889269839054
20	100	1	6	0.5	0.1	2.11982960958007	307.31650805309
20	100	1	6	0.5	0.1	1	460.92185255693
20	100	1	6	0.5	0.1	2.08488806872786	460.606356904995
20	100	1	6	0.5	0.1	2	279.422997739319
20	100	1	6	0.5	0.1	2.63725861328955	360.576309509649
20	100	1	6	0.5	0.1	2	437.545687928379
20	100	1	6	0.5	0.1	2	445.38169108028
20	100	1	6	0.5	0.1	2.34005116634794	196.441087156596
20	100	1	6	0.5	0.1	2.04763681788777	334.431806219407
20	100	1	6	0.5	0.1	2.22653540944487	48.7256553885035
20	100	1	6	0.5	0.1	2.25842717117935	150.593024511607
20	100	1	6	0.5	0.1	2.13936519392505	464.394522322594
20	100	1	6	0.5	0.1	2.57705237022523	360.988522792533
20	100	1	6	0.5	0.1	2.30928677437182	253.807277578725
20	100	1	6	0.5	0.1	2.15001013466821	80.5330245603132
20	100	1	6	0.5	0.1	1	35.1109958696629
20	100	1	6	0.5	0.1	2.62667364364959	355.470178220961
20	100	1	6	0.5	0.1	2	513.379013952732
20	100	1	6	0.5	0.1	2	46.2671321366474
20	100	1	6	0.5	0.1	2	162.415811889828
20	100	1	6	0.5	0.1	1	86.71536497506
20	100	1	6	0.5	0.1	2.26086770436437	347.044223004133
20	100	1	6	0.5	0.1	1	40.4489943376089
20	100	1	6	0.5	0.1	2.21183905892449	111.964257225211
20	100	1	6	0.5	0.1	2.50853975107758	489.390135751371
20	100	1	6	0.5	0.1	2	81.6609358638409
20	100	1	6	0.5	0.1	2.29837414369401	131.258162592051
20	100	1	6	0.5	0.1	2.37621369701521	263.197742009839
20	100	1	6	0.5	0.1	2.27074242842196	293.098912298428
20	100	1	6	0.5	0.1	2	10.8181191869662
20	100	1	6	0.5	0.1	2	191.339052003799
20	100	1	6	0.5	0.1	2	280.692932863995
20	100	1	6	0.5	0.1	2	138.13862686831
20	100	1	6	0.5	0.1	2	168.313544101136
20	100	1	6	0.5	0.1	2	382.891233805284
20	100	1	6	0.5	0.1	2.28806991428008	170.618537260123
20	100	1	6	0.5	0.1	2	529.487752163087
20	100	1	6	0.5	0.1	2.15658275842256	396.806626237057
20	100	1	6	0.5	0.1	2.08277186906805	386.385696775285
20	100	1	6	0.5	0.1	1	8.10741374675861
20	100	1	6	0.5	0.1	2.1909082487686	248.520061692291
20	100	1	6	0.5	0.1	2.75605170689236	335.868471479811
NA	NA	NA	NA	NA	NA	NA	NA
20	100	1	6	0.5	0.1	2	202.068864003465
20	100	1	6	0.5	0.1	2	356.556390443241
20	100	1	6	0.5	0.1	2	126.450265635241
20	100	1	6	0.5	0.1	2.10315906748093	140.484331638146
20	100	1	6	0.5	0.1	2.07043956853989	466.796710299511
20	100	1	6	0.5	0.1	2	271.221329651672
20	100	1	6	0.5	0.1	2.43321187976502	311.203461982668
20	100	1	6	0.5	0.1	2	153.699382930946
20	100	1	6	0.5	0.1	1	166.434992534664
20	100	1	6	0.5	0.1	2.15487678994546	139.907298172885
20	100	1	6	0.5	0.1	1	401.084203213784
20	100	1	6	0.5	0.1	1	125.845152963164
20	100	1	6	0.5	0.1	1	8.29186640437893
20	100	1	6	0.5	0.1	2.18007705949967	279.137877641265
20	100	1	6	0.5	0.1	1	258.368769116337
20	100	1	6	0.5	0.1	2	426.356888333033
20	100	1	6	0.5	0.1	2	273.715013954397
20	100	1	6	0.5	0.1	2.36528268093737	285.554686699066
20	100	1	6	0.5	0.1	2.26471452341502	304.000232343949
20	100	1	6	0.5	0.1	1	228.281792280848
20	100	1	6	0.5	0.1	2.17597411657992	203.62264824962
20	100	1	6	0.5	0.1	2	253.024724661141
20	100	1	6	0.5	0.1	2.34620318974912	278.325382621131
20	100	1	6	0.5	0.1	2.3544211866293	406.761043087916
20	100	1	6	0.5	0.1	2.20332585828103	252.937015324287
20	100	1	6	0.5	0.1	2	113.003137249294
20	100	1	6	0.5	0.1	2.09660993843794	525.995963692868
20	100	1	6	0.5	0.1	2	71.1511592520069
20	100	1	6	0	0.5	4.05020293890085	894907.587913513
20	100	1	6	0	0.5	4.05008845278571	539349.966629485
20	100	1	6	0	0.5	4.35326786341793	4809526.79599428
20	100	1	6	0	0.5	3.02706406714896	334.594951810852
20	100	1	6	0	0.5	3.97154349451609	3042894.76674405
20	100	1	6	0	0.5	3.53487350842165	9060517.09220957
20	100	1	6	0	0.5	4.85196220880616	980453.426519725
20	100	1	6	0	0.5	3.94689148034184	9565863.74455916
20	100	1	6	0	0.5	3.78560858728139	3234587.29838513
20	100	1	6	0	0.5	4.21532178188999	169481.857356532
20	100	1	6	0	0.5	3.29011949233677	1498.65714353459
20	100	1	6	0	0.5	4.66143204812669	118254.531760173
20	100	1	6	0	0.5	4.57309045439063	284943.504289347
20	100	1	6	0	0.5	3.52502894935914	5103889.97724941
20	100	1	6	0	0.5	3.7677518440344	5849995.0514952
20	100	1	6	0	0.5	3.97408228849759	2951001.81549765
20	100	1	6	0	0.5	3.42217190841818	3831575.86213244
20	100	1	6	0	0.5	3.84566329276917	10829.0359686957
20	100	1	6	0	0.5	4.5534180931465	1887069.28997579
20	100	1	6	0	0.5	3.42724544040746	5103216.26595909
20	100	1	6	0	0.5	3.97482406269156	2227800.88545257
20	100	1	6	0	0.5	3.62714610984579	3369053.26740818
20	100	1	6	0	0.5	3.51770399522474	5863897.59466891
20	100	1	6	0	0.5	4.18059406027857	9301643.48295076
20	100	1	6	0	0.5	3.53317478952495	3449492.78207361
20	100	1	6	0	0.5	3.30451637924516	939.889929679942
20	100	1	6	0	0.5	4.34568695253443	811925.666685272
20	100	1	6	0	0.5	3.38924717053616	1301.16260016259
20	100	1	6	0	0.5	4.59306423984399	218005.583771289
20	100	1	6	0	0.5	4.20136743127202	2649545.28211239
20	100	1	6	0	0.5	3.5151419724834	6194579.85083748
20	100	1	6	0	0.5	3.90662190858764	678073.521596737
20	100	1	6	0	0.5	3.77078303219687	17794.1923330963
20	100	1	6	0	0.5	4.16395145231728	4506950.99325195
20	100	1	6	0	0.5	2.52026351441204	17579.7101120673
20	100	1	6	0	0.5	4.3104836279558	443852.571093741
20	100	1	6	0	0.5	3.82118988454155	4384669.94620461
20	100	1	6	0	0.5	4.42531272037586	1507420.99146784
20	100	1	6	0	0.5	4.61056013881585	2689817.2321201
20	100	1	6	0	0.5	4.76596885392349	373950.178978579
20	100	1	6	0	0.5	4.167913173439	1921706.65891799
20	100	1	6	0	0.5	3.45771729258308	9785595.04267509
20	100	1	6	0	0.5	3.62084817985734	5840432.28885612
20	100	1	6	0	0.5	4.40354670627325	5424670.62471862
20	100	1	6	0	0.5	2.82393132223687	223.307555590551
20	100	1	6	0	0.5	3.43187243827749	8437727.51166621
20	100	1	6	0	0.5	3.58506905604537	5651696.08193586
20	100	1	6	0	0.5	3.15629622336398	342.318237097587
20	100	1	6	0	0.5	3.78740954621905	498643.907868953
20	100	1	6	0	0.5	3.47307163921055	1694.34138831391
20	100	1	6	0	0.5	3.58173479443703	1855426.97372712
20	100	1	6	0	0.5	2.96145479486403	427.548511587638
20	100	1	6	0	0.5	4.69749026922044	607149.996184183
20	100	1	6	0	0.5	3.50591414968708	5174173.77941827
20	100	1	6	0	0.5	4.23208608660802	426595.229015313
20	100	1	6	0	0.5	4.16224770022481	9155365.27942421
20	100	1	6	0	0.5	3.99989743710359	2678251.64839944
20	100	1	6	0	0.5	4.15213832393386	447107.430336426
20	100	1	6	0	0.5	3.22448381984201	388.348084345891
20	100	1	6	0	0.5	3.05921757086507	1291.45871892871
20	100	1	6	0	0.5	3.53902559831541	11227444.7032983
20	100	1	6	0	0.5	4.81193496013719	437905.502686722
20	100	1	6	0	0.5	4.96815780779764	317432.16342965
20	100	1	6	0	0.5	3.93349977271526	483113.076526993
20	100	1	6	0	0.5	4.64929255827523	2400954.99952782
20	100	1	6	0	0.5	3.38138419003116	4451761.30075132
20	100	1	6	0	0.5	3.69592287786411	4867170.78603868
20	100	1	6	0	0.5	4.67173546119153	1209740.38274597
20	100	1	6	0	0.5	3.01751797717739	478.713070375736
20	100	1	6	0	0.5	3.89056486663891	6252323.13796442
20	100	1	6	0	0.5	3.69311075558451	11543521.1107272
NA	NA	NA	NA	NA	NA	NA	NA
20	100	1	6	0	0.5	3.82077423982393	4824.90301014612
20	100	1	6	0	0.5	2.98077426025886	13290.5347388108
20	100	1	6	0	0.5	2.98402575184293	365.169985867491
20	100	1	6	0	0.5	4.68228199339683	272219.96615281
20	100	1	6	0	0.5	3.38809433386219	3683586.32163412
20	100	1	6	0	0.5	4.23542148000608	2830425.50505043
20	100	1	6	0	0.5	4.10854729243231	3126514.75445215
20	100	1	6	0	0.5	3.52880884994716	4620.30149900573
20	100	1	6	0	0.5	2.73113993985746	897.378301988334
20	100	1	6	0	0.5	4.74308654448981	2183824.83725133
20	100	1	6	0	0.5	3.49324221352455	704337.041632548
20	100	1	6	0	0.5	5.13342426839417	240802.299070223
20	100	1	6	0	0.5	3.00559046353202	208.281699527094
20	100	1	6	0	0.5	3.85202560746716	5789050.61016291
20	100	1	6	0	0.5	3	1474.28337989165
20	100	1	6	0	0.5	3.95325222444369	105795.822529063
20	100	1	6	0	0.5	3.56087477787452	928649.658581875
20	100	1	6	0	0.5	4.12637626206575	1446600.6505755
20	100	1	6	0	0.5	4.14749184415896	1141144.88041804
20	100	1	6	0	0.5	2.62214814305774	6422.69322681979
20	100	1	6	0	0.5	3.99923709001225	6165492.76107385
20	100	1	6	0	0.5	3.62104069790449	3721208.30540873
20	100	1	6	0	0.5	4.4535976605607	57016.2350014489
20	100	1	6	0	0.5	3.68590099761359	4078300.03558094
20	100	1	6	0	0.5	4.34670149624108	1006354.47654514
20	100	1	6	0	0.5	3.69897731531932	10556.2155061209
20	100	1	6	0	0.5	3.50295881371475	4960417.29049138
20	100	1	6	0	0.5	3.42347968533262	13083.5583143975
20	100	1	6	0.25	0.5	2.78910212315316	257.298589672656
20	100	1	6	0.25	0.5	2.78818472265953	70.7890126250109
20	100	1	6	0.25	0.5	3.30897137043149	141.448607553588
20	100	1	6	0.25	0.5	2	82.4559630572753
20	100	1	6	0.25	0.5	2.90480442146423	258.945803931952
20	100	1	6	0.25	0.5	2.84391181676736	365.614040273787
20	100	1	6	0.25	0.5	2.99365255247816	110.878917744786
20	100	1	6	0.25	0.5	3.33827487728001	276.699635078477
20	100	1	6	0.25	0.5	2.70550263220813	340.55078724893
20	100	1	6	0.25	0.5	2.59204932554257	68.6116976526891
20	100	1	6	0.25	0.5	1	2.71443327717677
20	100	1	6	0.25	0.5	2	62.345590226607
20	100	1	6	0.25	0.5	2.77195192048099	71.9101480720565
20	100	1	6	0.25	0.5	3.47091677975585	358.524844897128
20	100	1	6	0.25	0.5	3.4749794231618	384.658081569006
20	100	1	6	0.25	0.5	2	200.270255487178
20	100	1	6	0.25	0.5	2.45363349703055	342.09291501267
20	100	1	6	0.25	0.5	2.85877052792309	35.4281309282551
20	100	1	6	0.25	0.5	2.72666723173536	164.898867154395
20	100	1	6	0.25	0.5	2.92827687889648	375.930909423193
20	100	1	6	0.25	0.5	3.24302874299732	254.772976835796
20	100	1	6	0.25	0.5	3.35022289942369	410.316557224401
20	100	1	6	0.25	0.5	3.12805123230279	399.586184151582
20	100	1	6	0.25	0.5	3.41903962925564	250.672255830528
20	100	1	6	0.25	0.5	2.63834011167369	367.377685717699
20	100	1	6	0.25	0.5	2.85853211741881	34.6407546123694
20	100	1	6	0.25	0.5	2	3.76456855945369
20	100	1	6	0.25	0.5	2.87466574017492	24.5849470484427
20	100	1	6	0.25	0.5	2.53861345679747	42.6503226984817
20	100	1	6	0.25	0.5	2.91086315199395	233.913299790426
20	100	1	6	0.25	0.5	1	344.237295034735
20	100	1	6	0.25	0.5	2.8169070043668	356.109857098259
20	100	1	6	0.25	0.5	2.76889086400255	236.774558744134
20	100	1	6	0.25	0.5	3.41759494690072	342.1199153397
20	100	1	6	0.25	0.5	2.70311048343715	325.536673601895
20	100	1	6	0.25	0.5	2.86631199376088	333.162522054323
20	100	1	6	0.25	0.5	3.25208223365153	154.454933138686
20	100	1	6	0.25	0.5	2.8420851473825	209.269750406183
20	100	1	6	0.25	0.5	3.22110933445928	61.3062218948997
20	100	1	6	0.25	0.5	2.78638990511129	138.744146987713
20	100	1	6	0.25	0.5	2.87190288014663	349.602795008591
20	100	1	6	0.25	0.5	2.88397209426989	296.971611462189
20	100	1	6	0.25	0.5	3.18790711760739	216.005763045333
20	100	1	6	0.25	0.5	2.73661805356927	67.3550178438101
20	100	1	6	0.25	0.5	2	13.4984439463687
20	100	1	6	0.25	0.5	3.2457111812742	300.381698920472
20	100	1	6	0.25	0.5	2	408.014985260912
20	100	1	6	0.25	0.5	2.72006050412645	29.7519035556636
20	100	1	6	0.25	0.5	2.69354840833777	131.283535916168
20	100	1	6	0.25	0.5	2	28.9161169929414
20	100	1	6	0.25	0.5	2.92345582887145	322.753239999485
20	100	1	6	0.25	0.5	2	11.7721777028952
20	100	1	6	0.25	0.5	2.78977649118642	82.5455421389127
20	100	1	6	0.25	0.5	3.41324719477115	381.243909696614
20	100	1	6	0.25	0.5	2.33068972554418	37.0692869491632
20	100	1	6	0.25	0.5	3.01011371138248	100.221972586986
20	100	1	6	0.25	0.5	3.12600039645163	260.041434469183
20	100	1	6	0.25	0.5	3.04120785082101	259.143959387859
20	100	1	6	0.25	0.5	2.68621648162154	7.80128695586451
20	100	1	6	0.25	0.5	2.88642754323552	113.045923241947
20	100	1	6	0.25	0.5	2.81394363691592	257.796995990842
20	100	1	6	0.25	0.5	2.81848129587572	82.7158497296529
20	100	1	6	0.25	0.5	2.72637789216348	97.3899904504328
20	100	1	6	0.25	0.5	2.74111635243172	296.056169023995
20	100	1	6	0.25	0.5	3.05746650435048	150.242379978009
20	100	1	6	0.25	0.5	2	434.473415402667
20	100	1	6	0.25	0.5	3.27023151405443	282.840915060554
20	100	1	6	0.25	0.5	2.69324407469221	274.789985293775
20	100	1	6	0.25	0.5	2	2.97321474319026
20	100	1	6	0.25	0.5	3.11422359769409	188.258783780246
20	100	1	6	0.25	0.5	3.67230341867442	320.059204680214
NA	NA	NA	NA	NA	NA	NA	NA
20	100	1	6	0.25	0.5	2.43883014238323	115.36131519698
20	100	1	6	0.25	0.5	2.8717026232635	287.998807991114
20	100	1	6	0.25	0.5	2.31744512664841	70.6916994043258
20	100	1	6	0.25	0.5	2.99218633364808	83.8458401236153
20	100	1	6	0.25	0.5	2.76820822920543	351.701446832453
20	100	1	6	0.25	0.5	2.77062802921995	187.062576052457
20	100	1	6	0.25	0.5	3.47366650107024	200.53177493024
20	100	1	6	0.25	0.5	2.42401285802507	70.5571616344629
20	100	1	6	0.25	0.5	2	86.2126517600815
20	100	1	6	0.25	0.5	2.97708299949456	102.892889469911
20	100	1	6	0.25	0.5	2	302.588144705823
20	100	1	6	0.25	0.5	2	47.5587135560355
20	100	1	6	0.25	0.5	2	1.97158249494678
20	100	1	6	0.25	0.5	3.20701402737582	219.054117084865
20	100	1	6	0.25	0.5	1	182.952562608513
20	100	1	6	0.25	0.5	2.69185607630038	383.523738113268
20	100	1	6	0.25	0.5	2.7796578519324	226.084600011229
20	100	1	6	0.25	0.5	3.29858563262908	253.705198335161
20	100	1	6	0.25	0.5	3.2077523500016	294.664763992878
20	100	1	6	0.25	0.5	2	159.056729241845
20	100	1	6	0.25	0.5	2.72232153289184	148.392799223834
20	100	1	6	0.25	0.5	2.85072827575946	208.945434164531
20	100	1	6	0.25	0.5	3.23642932858424	269.015799385609
20	100	1	6	0.25	0.5	3.21795047896868	343.709302835688
20	100	1	6	0.25	0.5	2.96353951009106	188.745303354582
20	100	1	6	0.25	0.5	2	78.0120774016787
20	100	1	6	0.25	0.5	3.18240712928634	422.646680399452
20	100	1	6	0.25	0.5	2.51158443044346	33.8732810010606
20	100	1	6	0.5	0.5	2	137.174940669333
20	100	1	6	0.5	0.5	2	40.2517591315191
20	100	1	6	0.5	0.5	2.65084099696298	77.1977969362592
20	100	1	6	0.5	0.5	2	46.0198852483722
20	100	1	6	0.5	0.5	2.64538737701701	154.974380511144
20	100	1	6	0.5	0.5	2	197.367797624353
20	100	1	6	0.5	0.5	2.3477931135772	64.9205809666831
20	100	1	6	0.5	0.5	2.74269642609052	153.926838626514
20	100	1	6	0.5	0.5	2.49980837573249	197.129644254192
20	100	1	6	0.5	0.5	2	38.6021873520265
20	100	1	6	0.5	0.5	1	1.37829702783193
20	100	1	6	0.5	0.5	1	31.5275827173815
20	100	1	6	0.5	0.5	2	41.4716197770652
20	100	1	6	0.5	0.5	2.55203699439152	201.599820011867
20	100	1	6	0.5	0.5	2.76929794035822	211.834949555884
20	100	1	6	0.5	0.5	1	109.829693338108
20	100	1	6	0.5	0.5	2.5037244929696	185.078806282895
20	100	1	6	0.5	0.5	2	20.2594983137951
20	100	1	6	0.5	0.5	2	89.5696566320586
20	100	1	6	0.5	0.5	2	199.651876657434
20	100	1	6	0.5	0.5	2.75705338927224	139.410215205083
20	100	1	6	0.5	0.5	2.76759284282706	220.366730351671
20	100	1	6	0.5	0.5	2.81207291676652	221.423256614435
20	100	1	6	0.5	0.5	2.76655502169654	141.784382751128
20	100	1	6	0.5	0.5	2	201.954943199933
20	100	1	6	0.5	0.5	2	11.7962847975768
20	100	1	6	0.5	0.5	1	1.97732251513623
20	100	1	6	0.5	0.5	2	12.3005218452891
20	100	1	6	0.5	0.5	2	22.4495478263643
20	100	1	6	0.5	0.5	2	126.507431642836
20	100	1	6	0.5	0.5	1	172.185977065847
20	100	1	6	0.5	0.5	2	180.165289479882
20	100	1	6	0.5	0.5	2	134.673741203497
20	100	1	6	0.5	0.5	2.7933233854459	203.321483659187
20	100	1	6	0.5	0.5	2	173.906143226571
20	100	1	6	0.5	0.5	2	178.774082050499
20	100	1	6	0.5	0.5	2.75252920584606	86.8328278741086
20	100	1	6	0.5	0.5	2	110.221045461199
20	100	1	6	0.5	0.5	2.67659262360751	11.0676949612186
20	100	1	6	0.5	0.5	2	88.9831266943093
20	100	1	6	0.5	0.5	2.76578723376199	186.611313570423
20	100	1	6	0.5	0.5	2	157.929729326712
20	100	1	6	0.5	0.5	2.73950746464902	125.896950610861
20	100	1	6	0.5	0.5	2.36797538371071	44.1461839617419
20	100	1	6	0.5	0.5	1	7.09856480135633
20	100	1	6	0.5	0.5	2.77505280673782	165.627636221091
20	100	1	6	0.5	0.5	1	205.037593141009
20	100	1	6	0.5	0.5	2	11.1852660379997
20	100	1	6	0.5	0.5	2	76.508081544735
20	100	1	6	0.5	0.5	1	15.1970460218389
20	100	1	6	0.5	0.5	2.72012236807732	188.23796757812
20	100	1	6	0.5	0.5	1	6.0934820119925
20	100	1	6	0.5	0.5	2	48.5823066700047
20	100	1	6	0.5	0.5	2.87216919700804	196.472833773062
20	100	1	6	0.5	0.5	1	19.5403398357528
20	100	1	6	0.5	0.5	2.36604135133508	47.6592027757447
20	100	1	6	0.5	0.5	2.71150476997693	164.646709522498
20	100	1	6	0.5	0.5	2.64372777832556	149.889812086279
20	100	1	6	0.5	0.5	2	1.16043800730746
20	100	1	6	0.5	0.5	2	60.0805098759294
20	100	1	6	0.5	0.5	2	148.347024897569
20	100	1	6	0.5	0.5	2	45.0642152880401
20	100	1	6	0.5	0.5	2	52.2007464881554
20	100	1	6	0.5	0.5	2	159.066761757573
20	100	1	6	0.5	0.5	2.70053906247159	92.7748394451655
20	100	1	6	0.5	0.5	1	218.72524633566
20	100	1	6	0.5	0.5	2	149.050472787578
20	100	1	6	0.5	0.5	2	149.46089875093
20	100	1	6	0.5	0.5	1	1.10104221746586
20	100	1	6	0.5	0.5	2.64136088106594	103.151999481075
20	100	1	6	0.5	0.5	2.81981555053335	162.722094624018
NA	NA	NA	NA	NA	NA	NA	NA
20	100	1	6	0.5	0.5	2	61.401200339457
20	100	1	6	0.5	0.5	2	155.796084850583
20	100	1	6	0.5	0.5	2	37.812963882896
20	100	1	6	0.5	0.5	2	46.3448820831446
20	100	1	6	0.5	0.5	2	176.817996052437
20	100	1	6	0.5	0.5	2	101.192093193074
20	100	1	6	0.5	0.5	2.87008990381035	106.392573925268
20	100	1	6	0.5	0.5	2	37.1211426529561
20	100	1	6	0.5	0.5	1	45.221939367962
20	100	1	6	0.5	0.5	2.50500407460502	59.5358804732253
20	100	1	6	0.5	0.5	1	163.64834856006
20	100	1	6	0.5	0.5	1	24.7987223911581
20	100	1	6	0.5	0.5	1	1.00101045398885
20	100	1	6	0.5	0.5	2.44188883628836	124.563762949129
20	100	1	6	0.5	0.5	1	99.2437632060939
20	100	1	6	0.5	0.5	2	213.027465430778
20	100	1	6	0.5	0.5	2	127.4567682205
20	100	1	6	0.5	0.5	2.68984264673717	149.343459441712
20	100	1	6	0.5	0.5	2.73092418597971	184.536460121443
20	100	1	6	0.5	0.5	1	86.884055850499
20	100	1	6	0.5	0.5	2	81.6460581710653
20	100	1	6	0.5	0.5	2	116.723479778045
20	100	1	6	0.5	0.5	2.72728329406404	165.432038125968
20	100	1	6	0.5	0.5	2.65798802265234	185.318782896157
20	100	1	6	0.5	0.5	2.74485263787338	103.32827737993
20	100	1	6	0.5	0.5	1	44.2046301295058
20	100	1	6	0.5	0.5	2	221.126825158234
20	100	1	6	0.5	0.5	2	17.8513596576724
20	100	1	6	0	1	4.05020293890085	894907.587913513
20	100	1	6	0	1	4.05008845278571	539349.966629485
20	100	1	6	0	1	4.35326786341793	4809526.79599428
20	100	1	6	0	1	3.02706406714896	334.594951810852
20	100	1	6	0	1	3.97154349451609	3042894.76674405
20	100	1	6	0	1	3.53487350842165	9060517.09220957
20	100	1	6	0	1	4.85196220880616	980453.426519725
20	100	1	6	0	1	3.94689148034184	9565863.74455916
20	100	1	6	0	1	3.78560858728139	3234587.29838513
20	100	1	6	0	1	4.21532178188999	169481.857356532
20	100	1	6	0	1	3.29011949233677	1498.65714353459
20	100	1	6	0	1	4.66143204812669	118254.531760173
20	100	1	6	0	1	4.57309045439063	284943.504289347
20	100	1	6	0	1	3.52502894935914	5103889.97724941
20	100	1	6	0	1	3.7677518440344	5849995.0514952
20	100	1	6	0	1	3.97408228849759	2951001.81549765
20	100	1	6	0	1	3.42217190841818	3831575.86213244
20	100	1	6	0	1	3.84566329276917	10829.0359686957
20	100	1	6	0	1	4.5534180931465	1887069.28997579
20	100	1	6	0	1	3.42724544040746	5103216.26595909
20	100	1	6	0	1	3.97482406269156	2227800.88545257
20	100	1	6	0	1	3.62714610984579	3369053.26740818
20	100	1	6	0	1	3.51770399522474	5863897.59466891
20	100	1	6	0	1	4.18059406027857	9301643.48295076
20	100	1	6	0	1	3.53317478952495	3449492.78207361
20	100	1	6	0	1	3.30451637924516	939.889929679942
20	100	1	6	0	1	4.34568695253443	811925.666685272
20	100	1	6	0	1	3.38924717053616	1301.16260016259
20	100	1	6	0	1	4.59306423984399	218005.583771289
20	100	1	6	0	1	4.20136743127202	2649545.28211239
20	100	1	6	0	1	3.5151419724834	6194579.85083748
20	100	1	6	0	1	3.90662190858764	678073.521596737
20	100	1	6	0	1	3.77078303219687	17794.1923330963
20	100	1	6	0	1	4.16395145231728	4506950.99325195
20	100	1	6	0	1	2.52026351441204	17579.7101120673
20	100	1	6	0	1	4.3104836279558	443852.571093741
20	100	1	6	0	1	3.82118988454155	4384669.94620461
20	100	1	6	0	1	4.42531272037586	1507420.99146784
20	100	1	6	0	1	4.61056013881585	2689817.2321201
20	100	1	6	0	1	4.76596885392349	373950.178978579
20	100	1	6	0	1	4.167913173439	1921706.65891799
20	100	1	6	0	1	3.45771729258308	9785595.04267509
20	100	1	6	0	1	3.62084817985734	5840432.28885612
20	100	1	6	0	1	4.40354670627325	5424670.62471862
20	100	1	6	0	1	2.82393132223687	223.307555590551
20	100	1	6	0	1	3.43187243827749	8437727.51166621
20	100	1	6	0	1	3.58506905604537	5651696.08193586
20	100	1	6	0	1	3.15629622336398	342.318237097587
20	100	1	6	0	1	3.78740954621905	498643.907868953
20	100	1	6	0	1	3.47307163921055	1694.34138831391
20	100	1	6	0	1	3.58173479443703	1855426.97372712
20	100	1	6	0	1	2.96145479486403	427.548511587638
20	100	1	6	0	1	4.69749026922044	607149.996184183
20	100	1	6	0	1	3.50591414968708	5174173.77941827
20	100	1	6	0	1	4.23208608660802	426595.229015313
20	100	1	6	0	1	4.16224770022481	9155365.27942421
20	100	1	6	0	1	3.99989743710359	2678251.64839944
20	100	1	6	0	1	4.15213832393386	447107.430336426
20	100	1	6	0	1	3.22448381984201	388.348084345891
20	100	1	6	0	1	3.05921757086507	1291.45871892871
20	100	1	6	0	1	3.53902559831541	11227444.7032983
20	100	1	6	0	1	4.81193496013719	437905.502686722
20	100	1	6	0	1	4.96815780779764	317432.16342965
20	100	1	6	0	1	3.93349977271526	483113.076526993
20	100	1	6	0	1	4.64929255827523	2400954.99952782
20	100	1	6	0	1	3.38138419003116	4451761.30075132
20	100	1	6	0	1	3.69592287786411	4867170.78603868
20	100	1	6	0	1	4.67173546119153	1209740.38274597
20	100	1	6	0	1	3.01751797717739	478.713070375736
20	100	1	6	0	1	3.89056486663891	6252323.13796442
20	100	1	6	0	1	3.69311075558451	11543521.1107272
NA	NA	NA	NA	NA	NA	NA	NA
20	100	1	6	0	1	3.82077423982393	4824.90301014612
20	100	1	6	0	1	2.98077426025886	13290.5347388108
20	100	1	6	0	1	2.98402575184293	365.169985867491
20	100	1	6	0	1	4.68228199339683	272219.96615281
20	100	1	6	0	1	3.38809433386219	3683586.32163412
20	100	1	6	0	1	4.23542148000608	2830425.50505043
20	100	1	6	0	1	4.10854729243231	3126514.75445215
20	100	1	6	0	1	3.52880884994716	4620.30149900573
20	100	1	6	0	1	2.73113993985746	897.378301988334
20	100	1	6	0	1	4.74308654448981	2183824.83725133
20	100	1	6	0	1	3.49324221352455	704337.041632548
20	100	1	6	0	1	5.13342426839417	240802.299070223
20	100	1	6	0	1	3.00559046353202	208.281699527094
20	100	1	6	0	1	3.85202560746716	5789050.61016291
20	100	1	6	0	1	3	1474.28337989165
20	100	1	6	0	1	3.95325222444369	105795.822529063
20	100	1	6	0	1	3.56087477787452	928649.658581875
20	100	1	6	0	1	4.12637626206575	1446600.6505755
20	100	1	6	0	1	4.14749184415896	1141144.88041804
20	100	1	6	0	1	2.62214814305774	6422.69322681979
20	100	1	6	0	1	3.99923709001225	6165492.76107385
20	100	1	6	0	1	3.62104069790449	3721208.30540873
20	100	1	6	0	1	4.4535976605607	57016.2350014489
20	100	1	6	0	1	3.68590099761359	4078300.03558094
20	100	1	6	0	1	4.34670149624108	1006354.47654514
20	100	1	6	0	1	3.69897731531932	10556.2155061209
20	100	1	6	0	1	3.50295881371475	4960417.29049138
20	100	1	6	0	1	3.42347968533262	13083.5583143975
20	100	1	6	0.25	1	2.57709106469953	406.989808003531
20	100	1	6	0.25	1	2.6111561851064	110.821345344663
20	100	1	6	0.25	1	3.06284062560419	229.817346361513
20	100	1	6	0.25	1	2	124.002991362787
20	100	1	6	0.25	1	2.80178141695569	336.228565497514
20	100	1	6	0.25	1	2.69153456651316	540.794900946782
20	100	1	6	0.25	1	2.81246850535123	154.388441661968
20	100	1	6	0.25	1	3.13496787384737	417.210993838238
20	100	1	6	0.25	1	2.37151048511308	449.245754617174
20	100	1	6	0.25	1	2.34465221083668	110.402210650282
20	100	1	6	0.25	1	1	10.8859481226738
20	100	1	6	0.25	1	1	121.326794935892
20	100	1	6	0.25	1	2.65468652658058	104.696094517168
20	100	1	6	0.25	1	3.07656591654089	525.535876944128
20	100	1	6	0.25	1	3.15732649723297	570.236483879556
20	100	1	6	0.25	1	2	320.914303019905
20	100	1	6	0.25	1	2.23814446016468	502.167432099858
20	100	1	6	0.25	1	2.76488824913625	57.2830178445081
20	100	1	6	0.25	1	2.52183784843412	263.115935666313
20	100	1	6	0.25	1	2.84595714490046	562.147848184442
20	100	1	6	0.25	1	2.87242711782093	379.188859999299
20	100	1	6	0.25	1	3.0994036705878	611.421538603718
20	100	1	6	0.25	1	2.93947977933269	591.474789779283
20	100	1	6	0.25	1	3.21312078920196	372.317231884561
20	100	1	6	0.25	1	2.39807814690952	529.421919110243
20	100	1	6	0.25	1	2.70035761461064	44.628980397816
20	100	1	6	0.25	1	2	10.460906556519
20	100	1	6	0.25	1	2.74395094248854	50.7870510261656
20	100	1	6	0.25	1	2.19675518256856	84.0807669666185
20	100	1	6	0.25	1	2.5268932222797	359.755661241275
20	100	1	6	0.25	1	1	522.489675091722
20	100	1	6	0.25	1	2.68002892184892	531.845440865183
20	100	1	6	0.25	1	2.64640457604085	325.08570491492
20	100	1	6	0.25	1	3.18432048602665	459.901639945355
20	100	1	6	0.25	1	2.5120135960348	505.28760730638
20	100	1	6	0.25	1	2.74258141611212	518.336058648529
20	100	1	6	0.25	1	3.07339011465261	221.006106992281
20	100	1	6	0.25	1	2.49231871892555	342.583920695984
20	100	1	6	0.25	1	3.03462865445315	58.6430140496199
20	100	1	6	0.25	1	2.68006031535031	174.231673489186
20	100	1	6	0.25	1	2.71446810404484	543.251283152832
20	100	1	6	0.25	1	2.8213102002373	457.096021531204
20	100	1	6	0.25	1	3.05242356584582	297.624421891967
20	100	1	6	0.25	1	2.55906308015012	86.6204094539457
20	100	1	6	0.25	1	2	30.5813017840089
20	100	1	6	0.25	1	3.07486517972973	438.287961982706
20	100	1	6	0.25	1	1	605.096573570884
20	100	1	6	0.25	1	2.5284627637304	38.6874369170668
20	100	1	6	0.25	1	2.49666562457024	179.60575759175
20	100	1	6	0.25	1	2	63.0031022139019
20	100	1	6	0.25	1	2.64189637346682	433.935511596369
20	100	1	6	0.25	1	2	30.4147455148355
20	100	1	6	0.25	1	2.67727409825581	116.665533893566
20	100	1	6	0.25	1	3.25303300804825	573.131498246809
20	100	1	6	0.25	1	2.1333184972157	72.4341982368483
20	100	1	6	0.25	1	2.78497615676755	130.406314708256
20	100	1	6	0.25	1	2.96668367020273	321.53554146639
20	100	1	6	0.25	1	2.81078384454141	356.883812718214
20	100	1	6	0.25	1	2.30073324032795	9.34174762114823
20	100	1	6	0.25	1	2.77167219854155	191.222986503577
20	100	1	6	0.25	1	2.6156354236759	338.468964190031
20	100	1	6	0.25	1	2.6495085587813	138.961528844418
20	100	1	6	0.25	1	2.48741126186821	167.330496766237
20	100	1	6	0.25	1	2.57845505678058	448.795696995178
20	100	1	6	0.25	1	2.68044177419302	193.33580380712
20	100	1	6	0.25	1	2	636.981454869296
20	100	1	6	0.25	1	3.05880252405977	443.480753369672
20	100	1	6	0.25	1	2.43607297963179	433.543573186049
20	100	1	6	0.25	1	2	8.76577537621922
20	100	1	6	0.25	1	2.89160905737817	281.480978353328
20	100	1	6	0.25	1	3.40210936167384	415.99234951506
NA	NA	NA	NA	NA	NA	NA	NA
20	100	1	6	0.25	1	2.18913053842599	198.634928753519
20	100	1	6	0.25	1	2.669456144251	432.112167486226
20	100	1	6	0.25	1	2	122.563374463209
20	100	1	6	0.25	1	2.5871642122935	138.742972229615
20	100	1	6	0.25	1	2.56544999654652	531.69961655215
20	100	1	6	0.25	1	2.58504468282745	295.348990199485
20	100	1	6	0.25	1	3.2782379021823	328.911714594828
20	100	1	6	0.25	1	2.1882825342006	131.773004162025
20	100	1	6	0.25	1	2	154.192400527056
20	100	1	6	0.25	1	2.77298271110053	149.189640877943
20	100	1	6	0.25	1	2	459.926599710176
20	100	1	6	0.25	1	2	96.1993173531713
20	100	1	6	0.25	1	2	8.62927359309162
20	100	1	6	0.25	1	3.01381088665817	320.602182229684
20	100	1	6	0.25	1	1	283.209195265926
20	100	1	6	0.25	1	2.3632289622015	534.971940439829
20	100	1	6	0.25	1	2.56301016623088	318.415787435055
20	100	1	6	0.25	1	3.10029575547331	345.373118817486
20	100	1	6	0.25	1	2.9909383151101	375.44557391016
20	100	1	6	0.25	1	2	243.741165027061
20	100	1	6	0.25	1	2.55271730717438	220.693101215548
20	100	1	6	0.25	1	2.78509903227298	293.566393877755
20	100	1	6	0.25	1	3.1116428945154	336.350053509576
20	100	1	6	0.25	1	2.99216532279469	502.614379953413
20	100	1	6	0.25	1	2.80296339469705	287.792520307145
20	100	1	6	0.25	1	2	115.084112998845
20	100	1	6	0.25	1	2.99658066092297	633.688279965742
20	100	1	6	0.25	1	2.18646660235874	64.5133278356828
20	100	1	6	0.5	1	2	215.988656946747
20	100	1	6	0.5	1	2	72.75219509175
20	100	1	6	0.5	1	2.39973602869077	131.538373686137
20	100	1	6	0.5	1	2	81.8511381973172
20	100	1	6	0.5	1	2.38552222386553	228.108672579983
20	100	1	6	0.5	1	2	298.858818656659
20	100	1	6	0.5	1	2.14751601194929	107.063031103856
20	100	1	6	0.5	1	2.50749315981501	236.654524714393
20	100	1	6	0.5	1	2	291.442137638884
20	100	1	6	0.5	1	2	71.1661044203269
20	100	1	6	0.5	1	1	5.76066530699731
20	100	1	6	0.5	1	1	61.2205038428564
20	100	1	6	0.5	1	2	71.4027347183985
20	100	1	6	0.5	1	2.34718576778109	299.442037816504
20	100	1	6	0.5	1	2.51981833588089	314.626358881173
20	100	1	6	0.5	1	1	179.235136497186
20	100	1	6	0.5	1	2	283.319554053703
20	100	1	6	0.5	1	2	40.4179680867863
20	100	1	6	0.5	1	2	150.098660992028
20	100	1	6	0.5	1	2	302.131559720746
20	100	1	6	0.5	1	2.44530435513306	221.321143914768
20	100	1	6	0.5	1	2.51276644810782	323.723431602618
20	100	1	6	0.5	1	2.44057329146312	324.866884408578
20	100	1	6	0.5	1	2.50455328390299	223.183399361714
20	100	1	6	0.5	1	2	306.045410452129
20	100	1	6	0.5	1	2	27.4422949652691
20	100	1	6	0.5	1	1	7.01361665643854
20	100	1	6	0.5	1	2	28.6231071540874
20	100	1	6	0.5	1	1	46.6094227578096
20	100	1	6	0.5	1	2	203.088305393321
20	100	1	6	0.5	1	1	261.383627387889
20	100	1	6	0.5	1	2	269.508327052069
20	100	1	6	0.5	1	2	212.610598419061
20	100	1	6	0.5	1	2.57572731360351	304.684962837931
20	100	1	6	0.5	1	1	266.175111128686
20	100	1	6	0.5	1	2	271.079056379837
20	100	1	6	0.5	1	2.5410917675589	140.818701817285
20	100	1	6	0.5	1	1	176.737410811976
20	100	1	6	0.5	1	2.25598886059222	25.3060999369275
20	100	1	6	0.5	1	2	127.168757159352
20	100	1	6	0.5	1	2.42577934743675	280.886321342197
20	100	1	6	0.5	1	2	242.677136540174
20	100	1	6	0.5	1	2.52824480016444	198.270794412068
20	100	1	6	0.5	1	2	65.3106784690763
20	100	1	6	0.5	1	1	18.1770568937434
20	100	1	6	0.5	1	2.48454361912074	256.431187962363
20	100	1	6	0.5	1	1	304.299003082482
20	100	1	6	0.5	1	2	25.4172904562387
20	100	1	6	0.5	1	2	121.549867321053
20	100	1	6	0.5	1	1	33.6520298412919
20	100	1	6	0.5	1	2.34727316643527	281.013804838327
20	100	1	6	0.5	1	1	16.5469950901862
20	100	1	6	0.5	1	2	82.3415701966139
20	100	1	6	0.5	1	2.73053277538347	292.88781342316
20	100	1	6	0.5	1	1	41.4263261532451
20	100	1	6	0.5	1	2.09850365410759	83.1763280446432
20	100	1	6	0.5	1	2.50528189081794	232.404597165285
20	100	1	6	0.5	1	2.38243520556681	230.055131143754
20	100	1	6	0.5	1	1	5.1294686177069
20	100	1	6	0.5	1	2	105.962653273104
20	100	1	6	0.5	1	2	218.163150679604
20	100	1	6	0.5	1	2	82.6191403783133
20	100	1	6	0.5	1	2	94.3116835417048
20	100	1	6	0.5	1	1	248.326838125665
20	100	1	6	0.5	1	2.33688560852194	142.660041652464
20	100	1	6	0.5	1	1	321.050216642494
20	100	1	6	0.5	1	2	229.878946364099
20	100	1	6	0.5	1	2	230.528528078992
20	100	1	6	0.5	1	1	4.92139998789438
20	100	1	6	0.5	1	2.35167065684043	168.828269092277
20	100	1	6	0.5	1	2.5551333977084	251.267796120903
NA	NA	NA	NA	NA	NA	NA	NA
20	100	1	6	0.5	1	2	108.134647683247
20	100	1	6	0.5	1	2	246.199229985127
20	100	1	6	0.5	1	1	70.7554896259336
20	100	1	6	0.5	1	2	83.8991100039579
20	100	1	6	0.5	1	2	267.319312947757
20	100	1	6	0.5	1	2	166.063856577502
20	100	1	6	0.5	1	2.67973239888497	171.12233111396
20	100	1	6	0.5	1	2	70.3228304695099
20	100	1	6	0.5	1	1	83.4701257630968
20	100	1	6	0.5	1	2.16492526911364	100.907188334086
20	100	1	6	0.5	1	1	253.191037453574
20	100	1	6	0.5	1	1	50.0530286498341
20	100	1	6	0.5	1	1	4.6787276426457
20	100	1	6	0.5	1	2	198.340715817029
20	100	1	6	0.5	1	1	164.600357866573
20	100	1	6	0.5	1	2	323.847141869061
20	100	1	6	0.5	1	2	202.778680331564
20	100	1	6	0.5	1	2.46152544133251	229.040832073327
20	100	1	6	0.5	1	2.51547279533027	267.891309878085
20	100	1	6	0.5	1	1	145.574173117339
20	100	1	6	0.5	1	2	135.4024958252
20	100	1	6	0.5	1	2	180.220109929318
20	100	1	6	0.5	1	2.49143293697872	239.910489483739
20	100	1	6	0.5	1	2.37614397341333	283.123106802858
20	100	1	6	0.5	1	2.43562144377845	169.488746946629
20	100	1	6	0.5	1	1	77.3936728634636
20	100	1	6	0.5	1	2	325.51441311649
20	100	1	6	0.5	1	1	37.9749049883375
