"Temp"	"S"	"K"	"BMmax"	"TLmax"	"maxBM"
15	10	1	6	4	17244924.3637517
15	10	1	6	4.02600549000835	5015927.75446941
15	10	1	6	3.21642942721789	655870.40124222
15	10	1	6	3.73504961655423	49544585.4563097
15	10	1	6	3.99188615976331	4008393.16750161
15	10	1	6	4.00207561539653	129085353.362279
15	10	1	6	3.00002303062482	1020903.04109188
15	10	1	6	3.98798246833332	3479516.79456644
15	10	1	6	3.95923165308227	1629804.92948996
15	10	1	6	4.0230038828276	7304970.34339658
15	10	1	6	3	1624.45171136813
15	10	1	6	3.24667062099734	225472.829546785
15	10	1	6	4.04235729666346	53212818.7778385
15	10	1	6	3.92267629120858	1265517.20587235
15	10	1	6	3.97390844962697	16970689.961714
15	10	1	6	4	2319637.13061992
15	10	1	6	3.91403542023126	1045922.66804105
15	10	1	6	3.46121209153402	903.19306229492
15	10	1	6	3.00000115258436	12032400.7322203
15	10	1	6	4.0743454638719	7409287.03833762
15	10	1	6	3.98076326835725	3416765.19519167
15	10	1	6	3.00017977034988	14868762.2118435
15	10	1	6	3.0000000771519	5733124.7002577
15	10	1	6	3.99165793744827	443235.508451845
15	10	1	6	3.00001167626136	2064842.95289928
15	10	1	6	4.00000152308516	3302174.99405466
15	10	1	6	4.0114664308118	4365157.51513537
15	10	1	6	3.99998980619309	10146548.7196372
15	10	1	6	4	3120078.23993299
15	10	1	6	3.0000049017498	2032175.13308112
15	10	1	6	3.99611798600619	64935608.3930747
15	10	1	6	4.01535689404812	14059745.7312519
15	10	1	6	4.51880845493094	263652.231644295
15	10	1	6	3.99504071470861	13555790.591715
15	10	1	6	4	8725595.65544866
15	10	1	6	3.63266288973609	816156.096984156
15	10	1	6	4.00000242862456	4936034.43425067
15	10	1	6	3.60011694118823	5260919.60406228
15	10	1	6	2	9711900.83497997
15	10	1	6	3.99124034705974	18983130.7788598
15	10	1	6	4.00992742700156	6615320.97314935
15	10	1	6	3	425647.285703039
15	10	1	6	4.92686507529129	858709.980784785
15	10	1	6	3.99977714590898	4088410.33219449
15	10	1	6	3.00000470753867	54929337.0299015
15	10	1	6	4	13210803.9165311
15	10	1	6	3.99157877021421	7113069.37343913
15	10	1	6	4	3661899.03868316
15	10	1	6	3.98641284695395	22217752.3726748
15	10	1	6	3.9666185603889	154653226.669068
15	10	1	6	3.53778239487452	1013414.31773061
15	10	1	6	3.97773984768983	3193885.55088331
15	10	1	6	4.39057722178762	3635659.40537007
15	10	1	6	3.98905472020798	8091461.2127932
15	10	1	6	3.09403895898455	617694.975448718
15	10	1	6	3.99998772319388	2698065.49013973
15	10	1	6	3.94168138180622	64319664.9353369
15	10	1	6	3.93235807545857	13057870.9948705
20	10	1	6	4	14967808.4421511
20	10	1	6	4.01309552046973	3636142.14555204
20	10	1	6	3.64684003230688	164745.715940341
20	10	1	6	4.22893050791357	27931837.538024
20	10	1	6	3.9931405354162	3455911.93621601
20	10	1	6	4.20147924446604	42477243.97461
20	10	1	6	3.00021475471376	921211.210315736
20	10	1	6	3.9975997387489	5461792.23989343
20	10	1	6	3.28444178877286	454076.255363497
20	10	1	6	4.06414709553598	4732109.09773948
20	10	1	6	3	1105.66999081449
20	10	1	6	4.34765233600129	36616.6522128106
20	10	1	6	4.08536392454041	42413839.1430875
20	10	1	6	3.93481981091679	923844.792463361
20	10	1	6	3.67720557681494	16615725.1147349
20	10	1	6	4	1944183.79956855
20	10	1	6	3.30011576553013	355964.304592924
20	10	1	6	3	503.537530275386
20	10	1	6	3.00001177304954	10838243.6805722
20	10	1	6	4.15877534712954	5628432.92928711
20	10	1	6	4.0001968593844	2260051.81480128
20	10	1	6	3.00890928576471	12655005.0383455
20	10	1	6	3.00000015344041	1751923.01749037
20	10	1	6	3.97513192773916	265274.380527257
20	10	1	6	3.00019336606774	1843161.88794649
20	10	1	6	4.00000148379666	2735687.91134445
20	10	1	6	4.04560022859089	2899566.08910647
20	10	1	6	3.00439843306171	5593247.72532329
20	10	1	6	4	2325715.25956022
20	10	1	6	3.00004469769455	1825816.35039149
20	10	1	6	4.23141961650162	11034992.7335789
20	10	1	6	3.99849162897609	6811191.46021046
20	10	1	6	3.37031127450076	3329.93645558713
20	10	1	6	3.28857414451449	13383274.3728147
20	10	1	6	4.98262492487824	8079674.0701492
20	10	1	6	4.1797468137627	414549.415351559
20	10	1	6	3.06696604233316	2295.41116641875
20	10	1	6	3.27298369908222	3751178.44733864
20	10	1	6	2	2741784.21418437
20	10	1	6	3.41206348311375	19601646.0919671
20	10	1	6	4.29219330124975	5276925.52436658
20	10	1	6	4	1142050.93632485
20	10	1	6	4.8285687491438	842817.699429897
20	10	1	6	3.9548978628726	72037.9943245893
20	10	1	6	3.00030705061001	37509001.6257094
20	10	1	6	3.0137505552568	252.183877904612
20	10	1	6	3.95303358780608	4682647.45314482
20	10	1	6	4	3042119.71128761
20	10	1	6	3.96655982081563	17525254.7595685
20	10	1	6	3.84638134245777	96421645.6138292
20	10	1	6	4.42232246389184	69556.2871254964
20	10	1	6	3.30467006593328	2062371.61000706
20	10	1	6	4.5109222048541	734870.886229518
20	10	1	6	3.96761355948539	5531856.31667518
20	10	1	6	3.18331479547061	190779.095231341
20	10	1	6	3.03547218556378	1869522.69049051
20	10	1	6	3.817857172092	48468516.3543656
20	10	1	6	3.41893094242122	4393742.48640104
25	10	1	6	4.45915689019978	944393.176965409
25	10	1	6	3	1918.32575077651
25	10	1	6	3	100.232768896427
25	10	1	6	4.39141369382282	1306916.1086669
25	10	1	6	3.99548833052594	2625704.12361023
25	10	1	6	4.36795108476979	869142.283774352
25	10	1	6	3.01674922405643	735728.927292833
25	10	1	6	3.34032004740282	1028277.86756697
25	10	1	6	2	27.5222041827927
25	10	1	6	4.15105698431377	2363837.25976617
25	10	1	6	3	258.099711943034
25	10	1	6	3	55.0232297220846
25	10	1	6	4.14376499175132	33427444.7433569
25	10	1	6	4.11872005373935	248201.905209314
25	10	1	6	3.06750091728281	5589273.76457702
25	10	1	6	1	28.907456867824
25	10	1	6	2.25192334482615	2353.62273268968
25	10	1	6	1	42.5246630832205
25	10	1	6	3.00084058242705	8985376.75610074
25	10	1	6	4.00249889305552	2743234.64143327
25	10	1	6	3.33396729123458	571964.141159355
25	10	1	6	4.01921098063788	6525099.3894754
25	10	1	6	4.27690507489771	198898.316960557
25	10	1	6	3.01517395002126	171033.943249531
25	10	1	6	3.03508053540357	1404672.00938353
25	10	1	6	3.67042952163569	3550.6032846313
25	10	1	6	3.43102171670757	1834237.57038695
25	10	1	6	3.66944051420113	5941843.77392617
25	10	1	6	4	844461.645045493
25	10	1	6	3.0029268924419	1512068.80103651
25	10	1	6	4.53509950260825	4622718.44489792
25	10	1	6	3.93225553782623	4280612.18690828
25	10	1	6	1	21.6923017621636
25	10	1	6	3.93427912342684	3663313.18492843
25	10	1	6	1	26.5450053890891
25	10	1	6	3	86.4918974433314
25	10	1	6	1	31.7359538962267
25	10	1	6	3	8625.25173963528
25	10	1	6	2.57959245662604	4476273.36438319
25	10	1	6	4.2417258192121	6075011.84688768
25	10	1	6	4.27284955498206	3961856.53780062
25	10	1	6	3	173159.78263521
25	10	1	6	4.77343448506551	1578587.51230167
25	10	1	6	3	309.32318519467
25	10	1	6	3.49403722705894	6903469.975707
25	10	1	6	1	21.0630477015518
25	10	1	6	4.48553681287337	93582.7615849589
25	10	1	6	2.19502018378099	119.682078060934
25	10	1	6	3.9312159299635	11866305.3275326
25	10	1	6	3.48018082484223	26018575.9370967
25	10	1	6	2.15227507192157	108.334841243109
25	10	1	6	3.00019673089821	1369750.06374023
25	10	1	6	3	325.40634081027
25	10	1	6	4.74581632963383	4967363.73457209
25	10	1	6	1	20.2501356435316
25	10	1	6	3.08237314005577	920289.569134712
25	10	1	6	3.63985591674482	35263340.4054734
25	10	1	6	3.81946032677989	3265793.559691
20	25	1	6	4.29440279238247	12174581.4611458
20	25	1	6	4.05262405848951	13156683.4746034
20	25	1	6	3.39608494299372	3192579.62027534
20	25	1	6	3.22776000691675	388515.372492235
20	25	1	6	4.0365341468186	2097065.33376186
20	25	1	6	3.19136088745999	18506288.8578569
20	25	1	6	4.28149043069274	545668.935661388
20	25	1	6	3.72505457632362	17898111.9011495
20	25	1	6	3.97836011154726	8817459.88217188
20	25	1	6	3.97648584207058	6308514.75028138
20	25	1	6	3.44139764588613	1075603.66578368
20	25	1	6	4.58841825997788	28795.7869808452
20	25	1	6	3.46020663315913	9000725.78005546
20	25	1	6	3.72801634435874	335352.694880203
20	25	1	6	4.78153151948277	620626.491377237
20	25	1	6	3.00157746727538	15807786.259337
20	25	1	6	4.3115403993176	3131456.53148495
20	25	1	6	3.68922169638454	1856.87045286883
20	25	1	6	3.06159959927638	38022110.7462071
20	25	1	6	3.00712190625433	13977915.0490678
20	25	1	6	3.21597363187793	10333147.7143785
20	25	1	6	4.72822751484036	351548.003377575
20	25	1	6	3.87566230062829	4844085.97203376
20	25	1	6	4.51930568354295	817296.220691846
20	25	1	6	4.30936744280355	2142812.98543107
20	25	1	6	4.52049103214773	826489.786309794
20	25	1	6	4.20377855352474	7933.69201593276
20	25	1	6	3.34269661609149	511632.957074292
20	25	1	6	4.41468748697677	28986.5125066308
20	25	1	6	2.0510739574489	16400045.6918976
20	25	1	6	3.54071890696979	26798135.7714214
20	25	1	6	4.2274281516638	12444757.020998
20	25	1	6	2.01857972231334	5767133.78682787
20	25	1	6	3	58.4597673383106
20	25	1	6	4.13686587792684	7171556.53251031
20	25	1	6	4.67230846119526	241759.102361639
20	25	1	6	4.64946212961768	850670.893665937
20	25	1	6	3.13214622545564	24183071.5216451
20	25	1	6	3.1133862298344	12289300.0154337
20	25	1	6	2.99030619047226	483.855544081665
20	25	1	6	3.01148204086873	9917936.10878436
20	25	1	6	3.86152729948513	13352877.0257236
20	25	1	6	4.10056800129665	31307839.0111316
20	25	1	6	3.19178990142497	2634554.22608669
20	25	1	6	4.09149521379039	129568.386078944
20	25	1	6	4.48772593867649	21732313.2533275
20	25	1	6	3.32474797731508	3049422.10072426
20	25	1	6	3.94991852722204	52739480.3073559
20	25	1	6	2.9453551950906	6928893.63951303
20	25	1	6	4.88334778968606	231249.348557812
20	25	1	6	3.28476519557854	7090.4085902747
20	25	1	6	4.00000225631505	28696605.7284393
20	25	1	6	4.25070516531014	30749201.5689494
20	25	1	6	4.37336745755731	1231755.47998666
20	25	1	6	2.6299468073451	82.033860557587
20	25	1	6	3.4118840745162	4452711.4620398
20	25	1	6	3.00365950128566	31696390.3817547
20	25	1	6	3.46767655147105	12568963.4689756
20	25	1	6	3.00005044269059	9084221.34146625
20	25	1	6	3	440.358171949185
20	25	1	6	3.76503456811601	236234.886461422
20	25	1	6	2.24088007025846	8719756.63758054
20	25	1	6	4.49574074138835	310480.636928589
20	25	1	6	3.27595697579455	6315369.40542469
20	25	1	6	2.55086610143968	2505876.90812883
20	25	1	6	4.04234857764617	6104231.19869632
20	25	1	6	4.30983946078001	13839571.1860677
20	25	1	6	4.04470532734445	12033668.8430238
20	25	1	6	3.72429814173365	272139.81712737
20	25	1	6	3.44703952989275	9201296.10649161
20	25	1	6	3.43267002097556	4823466.22157128
20	25	1	6	3.14459748367939	10464187.5953975
20	25	1	6	3.72114812231312	14483893.218134
20	25	1	6	2.20666743665899	2439532.48324874
20	25	1	6	4.88337038697413	578205.363047609
20	25	1	6	3.48272132754053	2379.61082878663
20	25	1	6	3	17686660.7272523
20	25	1	6	4.06119965422108	12073425.5281925
20	25	1	6	2.65689586066961	3081101.88598871
20	25	1	6	3.28555784326096	544.952052652588
20	25	1	6	4.06421093588558	5141605.20403708
20	25	1	6	3.47671741735828	3837.87477397288
20	25	1	6	3.69302897422308	24881954.6768003
20	25	1	6	3.89273042078739	70059482.433847
20	25	1	6	4.56271458489458	35823.8807778484
20	25	1	6	4.61435874903536	31195193.5759066
20	25	1	6	4.67605259278679	909241.420820842
20	25	1	6	3.12680753415559	16219175.4076512
20	25	1	6	4.2502590912274	11286822.3934122
20	25	1	6	4.48949322848167	731914.576751424
20	25	1	6	4.01568800691203	6025000.92764775
25	25	1	6	4.36744861498334	744334.835691168
25	25	1	6	3.87834782424409	426348.066911444
25	25	1	6	3.68973116228541	346752.934097977
25	25	1	6	2.29869665315693	3450.92838597434
25	25	1	6	3.17474064716855	4583.34532796519
25	25	1	6	4.38419616220289	528168.265653045
25	25	1	6	2	67176.3788498958
25	25	1	6	4.08973476014546	2281168.03945386
25	25	1	6	4.30425612191812	229836.066101718
25	25	1	6	4.11185356741399	1494402.68232369
25	25	1	6	3.96501498477916	343287.620719753
25	25	1	6	2.0790366227419	2053.62590329967
25	25	1	6	3.79183832771912	4106184.00593684
25	25	1	6	3.35363698342735	34492.5764401906
25	25	1	6	3.61056194523829	5942.89602720051
25	25	1	6	3.65009486705792	358240.483182074
25	25	1	6	4.07841147188062	30549.642459947
25	25	1	6	2.26090142460505	318.047442671592
25	25	1	6	3.49897767033034	11933325.7629008
25	25	1	6	3.31249225316811	5868437.04719401
25	25	1	6	3.77025121131113	1887437.05516246
25	25	1	6	3.01480042537965	1523.92580895949
25	25	1	6	4.0675606874185	317747.336495141
25	25	1	6	3	398.872643565054
25	25	1	6	4.71937808769885	993391.484589966
25	25	1	6	2.81217847631203	2359661.18393765
25	25	1	6	2.71244854582199	476.896316658455
25	25	1	6	3.29621201304687	17865.2133678243
25	25	1	6	3	80.7868359476433
25	25	1	6	2.43232251136525	5480952.44694031
25	25	1	6	3.87184213782642	13667609.0974327
25	25	1	6	4.30574223521362	6373671.98623189
25	25	1	6	2.71339046246416	1868695.76267715
25	25	1	6	1	21.7060848035632
25	25	1	6	3.65565522886662	332657.070614515
25	25	1	6	3.51131611291118	2842.08082475005
25	25	1	6	3.10699105728201	1420.57155716469
25	25	1	6	3.6917434847657	58910.6905837558
25	25	1	6	3.2273325558647	6573599.1394544
25	25	1	6	2.1318224210398	137.402443402464
25	25	1	6	3.44274718273556	2536888.65861305
25	25	1	6	4.08095981830433	1468845.11050258
25	25	1	6	4.22377463201136	2717912.07524689
25	25	1	6	3.38305484968199	621513.887238477
25	25	1	6	3.98478345613583	21705.3750294437
25	25	1	6	4.53435680058488	6019473.46090485
25	25	1	6	3.53372980214601	1045729.13677219
25	25	1	6	4.35399941631661	3811253.51224585
25	25	1	6	2.72745842845616	1134029.07893944
25	25	1	6	3	235.841729000607
25	25	1	6	2.70434218154576	313.093829064286
25	25	1	6	3.83724065233566	4071612.62752066
25	25	1	6	4.69841780716775	1294891.3385362
25	25	1	6	3.0733568024745	475.520614172023
25	25	1	6	2	70.1327221485831
25	25	1	6	3.77165688751643	1224421.56472313
25	25	1	6	3.01272019696756	17953622.5515695
25	25	1	6	3.76859239477564	6120009.53924978
25	25	1	6	4.44498826758934	812336.687560205
25	25	1	6	1	28633.5397214309
25	25	1	6	3	157.064239677961
25	25	1	6	2.67873094027053	4120816.42876429
25	25	1	6	2.88969733736468	3259.7277976521
25	25	1	6	3.27410908046406	1975637.56375697
25	25	1	6	3.17472985713969	203147.397175479
25	25	1	6	4.14142529834164	1363623.63441464
25	25	1	6	4.32722568385101	3496437.50509039
25	25	1	6	4.27438508143017	385155.781518303
25	25	1	6	4.05798097788498	343566.337260327
25	25	1	6	3.61552787682189	3799236.43662346
25	25	1	6	3.43559474942127	2263374.35759206
25	25	1	6	3.26482107604486	5678379.21835997
25	25	1	6	3.87054863733605	5361967.68601201
25	25	1	6	2.57388703001442	860291.671211889
25	25	1	6	3.04210024337683	239.941754443589
25	25	1	6	1	23.9827307785913
25	25	1	6	3.09244309848894	9579126.05567313
25	25	1	6	3.0868669985821	277.177865576769
25	25	1	6	3.41385041437006	1876280.31244286
25	25	1	6	1	21.6218043424428
25	25	1	6	4.19499111395834	362890.949303464
25	25	1	6	3	49.7786661252004
25	25	1	6	3.97047307248967	6698543.90007697
25	25	1	6	3.85580989415565	20312572.2073622
25	25	1	6	2.03046587602663	362.202331317818
25	25	1	6	4.30050776547973	2532685.97236544
25	25	1	6	3.51269832501136	851.527264209403
25	25	1	6	3.52257212477455	1242037.38249009
25	25	1	6	4.2260284668143	1836834.63253502
25	25	1	6	2.81518660906029	1474.74420186566
25	25	1	6	4.47279257753726	330541.125847863
20	50	1	6	3.54349785381077	14936995.5215953
20	50	1	6	4.35613131137601	1943824.43714244
20	50	1	6	4.04766611615999	1295474.71078223
20	50	1	6	2.92532872246414	275.858637251953
20	50	1	6	3.50154434537602	2538107.20626074
20	50	1	6	3.24940389787756	21416531.7548642
20	50	1	6	3.28179745513389	13637853.1807977
20	50	1	6	4.24674291272065	10680351.1658462
20	50	1	6	4.46386446883594	5656183.39841951
20	50	1	6	4.43332284094231	66549.6921829064
20	50	1	6	3.34630685328892	1395.61829235836
20	50	1	6	4.09157580865543	8573.94981336806
20	50	1	6	3.58862309350544	12169933.772118
20	50	1	6	4.06009541225938	5091628.31109281
20	50	1	6	3.31837832905685	4969423.31861036
20	50	1	6	3.6592837077746	9431783.78956862
20	50	1	6	3.28025669434127	2872452.7760699
20	50	1	6	3.29710430260166	8059.58710541464
20	50	1	6	3.86399537094175	205945.350897807
20	50	1	6	3.25726245300364	16778947.4836532
20	50	1	6	3.33106488687821	4202987.97575094
20	50	1	6	3.28855875733664	5548395.23445718
20	50	1	6	4.046670863401	9864913.48147076
20	50	1	6	3.98743942153299	16471509.4444074
20	50	1	6	4.53728389693447	426790.60444251
20	50	1	6	3.58015227943671	4881.60971941423
20	50	1	6	3.24000200258556	5861296.60151447
20	50	1	6	3.96368425367909	1694.9281306595
20	50	1	6	4.62272907791822	179460.4788534
20	50	1	6	3.73534297487714	4127.21616656679
20	50	1	6	3.23143865359852	4168044.69583445
20	50	1	6	4.00220583484021	11607224.3485351
20	50	1	6	3.31142082017895	14345722.4341909
20	50	1	6	3.48845325942801	6668261.44927509
20	50	1	6	2.42161051170216	167.313279519486
20	50	1	6	3.78749097716299	11354313.2415908
20	50	1	6	4.2053264090228	4294399.16663055
20	50	1	6	3.98373289680472	49696.5637000096
20	50	1	6	4.18760475478437	3314601.74644326
20	50	1	6	4.2878424995194	95149.2013403145
20	50	1	6	3.72494503705244	5291640.7621731
20	50	1	6	3.27087853014034	19646502.3872419
20	50	1	6	3.52174063919063	5537026.36218479
20	50	1	6	3.01579342594397	428.422440840258
20	50	1	6	4.19940685270261	13626349.6661456
20	50	1	6	4.39570210292243	5757862.75243824
20	50	1	6	3.37604523868657	12678165.015426
20	50	1	6	4.63821781466089	2217298.87264589
20	50	1	6	3.27016411968573	590.985296934893
20	50	1	6	4.01553878390807	6525220.31036136
20	50	1	6	2.47487913366135	4766037.79116507
20	50	1	6	3.30167794935926	4498202.56960174
20	50	1	6	4.6126676280172	34335.9938509684
20	50	1	6	3.42400535532959	10541013.0849609
20	50	1	6	2.78634477379855	1458.66697178447
20	50	1	6	4.17620736498319	16238197.4023408
20	50	1	6	3.87794259041356	1168.01486305782
20	50	1	6	3.63583463011541	1399146.5394898
20	50	1	6	3.56238632582151	60353.8966108881
20	50	1	6	3.98202597599097	16512580.093584
20	50	1	6	3.81436579282606	3649363.5155848
20	50	1	6	4.12688583480305	6049371.7286952
20	50	1	6	4.55116173266943	1941018.68069475
20	50	1	6	5.32913328547117	88223.4779580157
20	50	1	6	3.43401195989071	247.974580157025
20	50	1	6	2.31588396427395	8786796.30861154
20	50	1	6	4.57830847387828	1341327.24577894
20	50	1	6	3.21710422399088	3458885.63169684
20	50	1	6	3.9161467730713	8727352.01573136
20	50	1	6	4.3749686016341	402352.255229322
20	50	1	6	4.42503636989609	2848317.27960318
20	50	1	6	3.3270391881634	5893840.00054566
20	50	1	6	3.61104153606118	3404.10105268349
20	50	1	6	3.35748526673794	16536892.2178441
20	50	1	6	2.8566272438714	215.420925135491
20	50	1	6	4.12778185317723	1346726.81860034
20	50	1	6	3.2420585505117	5335473.80362915
20	50	1	6	3.2501811858355	12988661.6637831
20	50	1	6	2.60967209073534	4635.2254753892
20	50	1	6	4.6158543922235	113511.273284932
20	50	1	6	3.99428990199299	11935.3686138241
20	50	1	6	3.88322970309836	14087.0379106485
20	50	1	6	3.9057821689312	10203970.4530872
20	50	1	6	4.14146974578835	432678.815018732
20	50	1	6	4.29710426132233	4017166.3650849
20	50	1	6	3.08185701895162	596.347867111987
20	50	1	6	4.65639491115412	550948.831197785
20	50	1	6	3.89036900061711	4364.09959705289
20	50	1	6	4.71142975216485	1701972.70679645
20	50	1	6	3.09789785136686	18840562.559229
20	50	1	6	3.42634249144575	976843.726189185
20	50	1	6	4.13970139775136	19590599.6335138
20	50	1	6	3.29742619160746	12629147.8109852
20	50	1	6	4.59026474231548	1080406.40742295
20	50	1	6	4.62885924880741	189131.054518727
20	50	1	6	3.48057937556879	4336446.16442205
20	50	1	6	4.42374937379066	9388543.72886434
20	50	1	6	3.23700820553504	12340953.4431299
20	50	1	6	4.0973459401063	42096.788828708
25	50	1	6	3.97087843622121	1490262.78947608
25	50	1	6	3.70167752870506	5487.58255160618
25	50	1	6	2.82680444985492	8141.4341887765
25	50	1	6	2	249.025525784168
25	50	1	6	3.09893380569197	55901.2509944472
25	50	1	6	3.94011425062581	1295757.76702812
25	50	1	6	3.55844840866456	2274872.81580894
25	50	1	6	4.45107010148129	510747.637928114
25	50	1	6	4.84602224261613	121390.325761497
25	50	1	6	2.84018354685526	331.558631659122
25	50	1	6	2.2284722282705	143.695302031822
25	50	1	6	2.99479472374253	79.2921073135865
25	50	1	6	3.88909923601962	1250054.5392423
25	50	1	6	4.51390820671584	472566.796745778
25	50	1	6	3.75290806447373	431080.517323127
25	50	1	6	3.90725111505852	324510.156516024
25	50	1	6	2.9571781977605	119873.714507793
25	50	1	6	2	3740.90348451045
25	50	1	6	3.10275911710389	15344.353997503
25	50	1	6	3.66256818716874	2561240.37824756
25	50	1	6	3.66922851364202	167697.566114432
25	50	1	6	3.62753776718447	340958.290074553
25	50	1	6	4.32989087838521	366998.753925947
25	50	1	6	4.1118262375618	1140266.88653832
25	50	1	6	2.24779144026467	7422.27507044856
25	50	1	6	2.60348422452381	7080.1728958095
25	50	1	6	3.40055586849828	1172294.2116025
25	50	1	6	3	132.147181411334
25	50	1	6	3.08505956838993	522.99435573688
25	50	1	6	2.47117936616984	189.352502219194
25	50	1	6	3.45047764724191	887721.99726299
25	50	1	6	4.2365486258163	2977364.0472367
25	50	1	6	3.55604665300221	5259168.21117107
25	50	1	6	3.88770648104435	507146.144519077
25	50	1	6	1	1612.90468386752
25	50	1	6	4.04409301028624	1220916.4550742
25	50	1	6	4.10778813740395	728033.37394883
25	50	1	6	2.66323689765982	1666.45535014345
25	50	1	6	4.33276449284976	86896.9313294716
25	50	1	6	1	27667.1764367065
25	50	1	6	3.82802413736562	1543884.72933517
25	50	1	6	3.55848874722259	6967317.47046302
25	50	1	6	3.55891674448058	1697362.30090977
25	50	1	6	1	26.2607702731777
25	50	1	6	4.28750099171621	1482786.13688649
25	50	1	6	4.651477860513	120190.835045527
25	50	1	6	3.65015578103418	2848828.66888529
25	50	1	6	3.13126504736898	1168.03610101063
25	50	1	6	1	19.7034463598751
25	50	1	6	3.9561371090573	747718.059332485
25	50	1	6	3.34189515049183	1609556.50122481
25	50	1	6	3.62849568396971	241770.113765733
25	50	1	6	2.59522266372799	226.444891721426
25	50	1	6	3.63223963905772	1959983.18453406
25	50	1	6	2.52202130006457	826.702067086136
25	50	1	6	4.30513933457832	408004.304868501
25	50	1	6	1	29.0360785979809
25	50	1	6	3.25807329323204	37052.0878754503
25	50	1	6	2.73855733512848	5145.80652145346
25	50	1	6	4.00382966238579	2903709.92182894
25	50	1	6	3.81098800711344	708471.930570464
25	50	1	6	4.08930177718915	1927665.42179914
25	50	1	6	4.39388628116491	18681.6881491899
25	50	1	6	2.71386706397169	595.989045939598
25	50	1	6	1	23.985003909552
25	50	1	6	3.31253821922588	4807347.46014207
25	50	1	6	3.66441424085611	2398.1549393349
25	50	1	6	3.47704169174899	972808.554353859
25	50	1	6	4.10238367939913	419572.802470456
25	50	1	6	2.74639455632504	10036.3252747957
25	50	1	6	4.24475931070524	17993.1131859257
25	50	1	6	3.93802613030417	449866.830786583
25	50	1	6	3	113.664847664876
25	50	1	6	3.64352944854922	4255091.07390889
25	50	1	6	2	157.393689879735
25	50	1	6	2.74051934387226	3007.85587265802
25	50	1	6	3.63394188853186	740841.037163207
25	50	1	6	3.41399852939249	4826573.6533411
25	50	1	6	2.00000026393645	1649.99283340916
25	50	1	6	2.23810634992651	8516.31440839132
25	50	1	6	2.25315711093371	89.8856885731078
25	50	1	6	2.64354710229033	1010.22727622514
25	50	1	6	4.12756839442558	199817.922319129
25	50	1	6	3.03828035243929	360.56904951174
25	50	1	6	4.08786004009499	16416.0718285417
25	50	1	6	1	29.2771430634575
25	50	1	6	2.84026404266155	17290.9613876017
25	50	1	6	2.99990118459033	80.0510556059072
25	50	1	6	3.27566735776264	2109.43898503442
25	50	1	6	3.70358983837538	3387955.24761078
25	50	1	6	3.69897943604728	216050.69300912
25	50	1	6	4.12644038190311	1227542.52408367
25	50	1	6	3.61856528482854	3945865.64582641
25	50	1	6	2.97339163649474	2099.08732622934
25	50	1	6	3.06020374939088	1973.99895367036
25	50	1	6	3.39807034368306	99256.0501510289
25	50	1	6	4.69739504387911	529873.501392684
25	50	1	6	3.58848525263034	1918455.78923705
25	50	1	6	2.64136235839906	2945.93673307927
20	100	1	6	4.05020293889491	894907.587897094
20	100	1	6	4.05009103512737	539147.45669042
20	100	1	6	4.35326781820016	4809380.49681194
20	100	1	6	3.02706404995338	334.594949891853
20	100	1	6	3.9715435217837	3042892.95572979
20	100	1	6	3.53487336201602	9060507.64183255
20	100	1	6	4.85196001690863	980441.509839325
20	100	1	6	3.94688959875379	9565865.49033547
20	100	1	6	3.785612400427	3234582.52658488
20	100	1	6	4.2153217818685	169481.857339711
20	100	1	6	3.29012128282341	1498.61752963324
20	100	1	6	4.66142793658136	118398.918608798
20	100	1	6	4.57311628530889	283024.39498772
20	100	1	6	3.5250394990073	4981808.71816156
20	100	1	6	3.76765260456768	5850257.4330001
20	100	1	6	3.96193237127592	2942659.42924226
20	100	1	6	3.4221979379575	3831530.59777172
20	100	1	6	3.84566329281337	10829.0360167855
20	100	1	6	4.55417568391905	1885981.39194441
20	100	1	6	3.42737853522976	5103065.32195214
20	100	1	6	3.9748241680135	2227756.36208516
20	100	1	6	3.62713044001181	3347139.39940406
20	100	1	6	3.51770287125453	5863896.30431079
20	100	1	6	4.18104910395971	9301009.66395791
20	100	1	6	3.53317345247585	3449485.41996622
20	100	1	6	3.30451637924516	939.889929679951
20	100	1	6	4.345691511491	810640.334590743
20	100	1	6	3.38924717051462	1301.1625995465
20	100	1	6	4.59306423967128	218005.583981293
20	100	1	6	4.20139092980721	2649533.52013948
20	100	1	6	3.51515779218834	6194551.81343009
20	100	1	6	3.9067076062294	668025.713794293
20	100	1	6	3.77078297032131	17794.1928881613
20	100	1	6	4.1639515410563	4506085.3250081
20	100	1	6	2.52026352128897	17579.6922438253
20	100	1	6	4.31048441826811	443852.755386149
20	100	1	6	3.82118345618506	4384525.02433748
20	100	1	6	4.41400469291586	1521362.75182113
20	100	1	6	4.61057276409688	2689794.65603312
20	100	1	6	4.765970761564	373947.989700572
20	100	1	6	4.16514818131591	1919166.42360717
20	100	1	6	3.45772510779106	9785559.00308922
20	100	1	6	3.62084818596595	5840432.27402133
20	100	1	6	4.40354682882675	5420095.54198181
20	100	1	6	2.82393132136862	223.307549568289
20	100	1	6	3.43087923474876	8438370.55756351
20	100	1	6	3.58506906098487	5651696.06369863
20	100	1	6	3.15629284427876	342.315094642463
20	100	1	6	3.78740948617288	498477.430575158
20	100	1	6	3.47307163919029	1694.34138830604
20	100	1	6	3.58173436727013	1855430.5096869
20	100	1	6	2.96145479486403	427.548511587638
20	100	1	6	4.69748751044372	598833.738826983
20	100	1	6	3.50591169015581	5120266.68379746
20	100	1	6	4.23259918513322	426007.228818343
20	100	1	6	4.16224769471044	9155365.19162154
20	100	1	6	3.99990895274295	2678244.85152268
20	100	1	6	4.15213792753828	447102.604966619
20	100	1	6	3.2244838191949	388.348082743123
20	100	1	6	3.05921767117667	1291.4586931393
20	100	1	6	3.53902558463624	11227444.6396758
20	100	1	6	4.81193257139326	437898.772388253
20	100	1	6	4.9677314041158	317749.147272008
20	100	1	6	3.93349982545103	483111.815429557
20	100	1	6	4.64968297445091	2397075.59613866
20	100	1	6	3.38137030649345	4448651.33450515
20	100	1	6	3.69592293878199	4867156.99495072
20	100	1	6	4.67174055373797	1209822.69027124
20	100	1	6	3.01751813261697	478.720508574903
20	100	1	6	3.89053368193106	6152563.02757461
20	100	1	6	3.6931108060805	11543493.4562594
20	100	1	6	3.82077423700512	4824.90296665111
20	100	1	6	2.98078180399877	13290.4456283077
20	100	1	6	2.98402571923577	365.173924282785
20	100	1	6	4.68227034654188	272425.967535016
20	100	1	6	3.38809435838997	3683591.03533005
20	100	1	6	4.23541338690486	2822638.97552983
20	100	1	6	4.11074230260056	3124879.46768238
20	100	1	6	3.5288116097167	4620.62213300423
20	100	1	6	2.7311401159198	897.374533958489
20	100	1	6	4.72297127903958	2204474.63004199
20	100	1	6	3.49324207453994	704255.072735546
20	100	1	6	5.13342356782969	240810.182218739
20	100	1	6	3.00559101889846	208.281920743725
20	100	1	6	3.85202545649642	5789043.07216144
20	100	1	6	3	1474.3448803758
20	100	1	6	3.95325134495361	105796.534026109
20	100	1	6	3.56087479282074	928635.424290854
20	100	1	6	4.12637661355012	1446595.05987162
20	100	1	6	4.14749494241698	1140838.1164549
20	100	1	6	2.62215014703016	6422.6760388789
20	100	1	6	3.99921824741219	6071110.13048185
20	100	1	6	3.62103325303942	3721207.07507642
20	100	1	6	4.45359751409954	57014.7503502093
20	100	1	6	3.68590514459432	4078304.27985215
20	100	1	6	4.35257050172976	1015388.6711421
20	100	1	6	3.6989773431061	10556.2169878486
20	100	1	6	3.50296924587476	4955195.72796997
20	100	1	6	3.42348633650243	12832.3532245986
25	100	1	6	3.83204698023876	200336.89147667
25	100	1	6	2.68271499291194	459.35148370176
25	100	1	6	3.36903624813685	17616.2722359772
25	100	1	6	1	22.5541907059456
25	100	1	6	2.83638129135342	11038.2981183396
25	100	1	6	3.19286088352537	50239.1803668988
25	100	1	6	2.957695324711	844.659209333104
25	100	1	6	4.3800585456033	523120.867429924
25	100	1	6	2.13695346034827	33526.9658916795
25	100	1	6	2.72169999395735	569.045051488479
25	100	1	6	1	31.1678824056568
25	100	1	6	2.90147335683798	1003.32414499978
25	100	1	6	2.71469580257313	1649.82889613273
25	100	1	6	3.05412636159546	47872.4976944436
25	100	1	6	3.82613793406409	85250.0964736044
25	100	1	6	2.68260942145098	8578.09984803897
25	100	1	6	2.4283916108128	47084.2361856582
25	100	1	6	2.66538039836654	177.3041109861
25	100	1	6	3.22119012419511	11035.2889283185
25	100	1	6	3.69356402757741	83302.8142491253
25	100	1	6	2.58924573399125	15119.594419921
25	100	1	6	2.34550565067196	37664.1422037641
25	100	1	6	2.53332445640987	28553.8498468669
25	100	1	6	3.93315878162476	54208.7873982816
25	100	1	6	2	54032.9584479711
25	100	1	6	2.33570602847766	81.4289689356446
25	100	1	6	2.36496588062764	376.37390950138
25	100	1	6	2.67906712763133	190.339145910195
25	100	1	6	2.75740903747037	227.332257671763
25	100	1	6	2.52476123159463	12642.9245854245
25	100	1	6	2.47362944528535	51288.5965917094
25	100	1	6	2.20243760367055	8280.08909092816
25	100	1	6	2.25005849323303	320.874479831961
25	100	1	6	3.22962008147362	6827.69397596909
25	100	1	6	2.48227500815935	8983.20921868049
25	100	1	6	3.97028303078105	223894.487152938
25	100	1	6	3.84931689435088	275528.36864469
25	100	1	6	2.54487213841938	5058.07787046835
25	100	1	6	3.19504068528757	5299.58328813637
25	100	1	6	2.51289865096356	3441.32609532388
25	100	1	6	3.06205476690446	16379.3010528056
25	100	1	6	3.7943938553618	505407.169451817
25	100	1	6	2.53972236175834	30543.1412850476
25	100	1	6	3.57695698238609	8659.96821223886
25	100	1	6	2.17679249163723	128.540235436785
25	100	1	6	3.7166829075533	72604.5419567197
25	100	1	6	2.65742445499403	21602.3523717744
25	100	1	6	2.18755185096119	219.707258983249
25	100	1	6	1	1331.0269384851
25	100	1	6	1	32.5278802692758
25	100	1	6	2.29969194987506	26950.1270237084
25	100	1	6	1	29.7313073090273
25	100	1	6	2.76209610478412	1949.27295156248
25	100	1	6	2.89631390009844	65258.6029580495
25	100	1	6	2.81154202148562	2883.72207085752
25	100	1	6	4.47690745982806	121585.321545034
25	100	1	6	3.09062690902169	13486.9434852204
25	100	1	6	2.16652101473772	5147.18802120942
25	100	1	6	1	24.9146985360658
25	100	1	6	2	2857.82051150757
25	100	1	6	3.82515940110356	259968.079286288
25	100	1	6	3.16042986202809	527.462591209794
25	100	1	6	3.12088996902738	771.041027334116
25	100	1	6	2.02019881894606	15806.8389644004
25	100	1	6	3.54496593556341	4857.05475050624
25	100	1	6	2	55026.3914233661
25	100	1	6	2.63955742352238	23751.2876823453
25	100	1	6	2.86059416822081	660.452469641151
25	100	1	6	1	18.8264990329048
25	100	1	6	3.0518140952712	12825.291955479
25	100	1	6	3.77561743303646	143406.694818895
25	100	1	6	2.21547838346136	90.9779503695746
25	100	1	6	2	42747.4504707951
25	100	1	6	1	1243.65059643861
25	100	1	6	2.62994672784271	484.624230071941
25	100	1	6	2.68325384409651	32359.3019699581
25	100	1	6	3.48632186861128	22942.979028867
25	100	1	6	3.20711526892552	4034.2438284522
25	100	1	6	2.08562568585549	945.395223196957
25	100	1	6	2	1302.12495982424
25	100	1	6	3.17354816362956	2318.41778874634
25	100	1	6	2.4944975241647	24729.4114365594
25	100	1	6	3.1107016526678	236.212350734536
25	100	1	6	1	19.4130861755772
25	100	1	6	3.22872223223117	26365.9083243838
25	100	1	6	1	16.5528586316821
25	100	1	6	2	83888.604537825
25	100	1	6	2.61370414167828	6020.06048081095
25	100	1	6	2.62943856161778	3772.9698393581
25	100	1	6	2.95316159655539	1084.5432125571
25	100	1	6	2.16335689991043	4296.37653254633
25	100	1	6	3.07587298999233	23151.087302923
25	100	1	6	2.6407570136393	10120.4466459635
25	100	1	6	2.630359836022	427.814915531887
25	100	1	6	2.52561993242454	43883.2479787411
25	100	1	6	2.76513924279991	9607.63438490367
25	100	1	6	2.68847519137799	835.888887845278
25	100	1	6	2.50143012491311	59550.4601317111
25	100	1	6	2.6685337806779	2953.40307693382
15	25	1	6	4.00633572990438	46000755.5338846
15	25	1	6	4.00127335840949	33695867.6187593
15	25	1	6	3.00948237114065	17138874.5582725
15	25	1	6	3.43920569767396	533306.551690661
15	25	1	6	2.44110700740588	22933624.2759696
15	25	1	6	3.07999022804011	33984617.2079853
15	25	1	6	2.99971785979407	63119753.8519747
15	25	1	6	3.07433039971898	70681650.3918444
15	25	1	6	3.91802284202028	21493752.5604625
15	25	1	6	4.05965401500741	14213286.3374713
15	25	1	6	3.70163836436585	745929.750735744
15	25	1	6	3.69019973160534	674926.559367125
15	25	1	6	3.43803470409443	12790845.5183882
15	25	1	6	3.65217153359711	1853903.45912532
15	25	1	6	3.21257062920297	49000938.878205
15	25	1	6	3.00016073880035	22838683.7958323
15	25	1	6	2.91909967630957	21804027.4060558
15	25	1	6	4.04735100040372	407769.408572911
15	25	1	6	3.0026076240006	68804665.1764733
15	25	1	6	3.00160223895262	20828983.0072828
15	25	1	6	3.05768494927819	29284007.5339626
15	25	1	6	3.86360485422671	5334389.81082251
15	25	1	6	3.50488767084557	14260847.0674565
15	25	1	6	4.0122926256949	4959257.55130607
15	25	1	6	4.10055926972963	2172278.51196545
15	25	1	6	2.98377828245336	16311811.5061593
15	25	1	6	4.87873088712119	433610.441756372
15	25	1	6	3.63461769228723	357700.961133836
15	25	1	6	3.76957617519762	1276095.52813427
15	25	1	6	2.26712123527342	44546868.4161366
15	25	1	6	3.22983335474166	38373614.3249612
15	25	1	6	4.14388887025079	15350825.7691922
15	25	1	6	2.98039700638536	13957196.575003
15	25	1	6	3.44330596914553	2308.4549816165
15	25	1	6	4.0012304609883	21163841.9298218
15	25	1	6	4.04133951105664	8435204.49477519
15	25	1	6	4.23190232189733	5169266.0066243
15	25	1	6	2.99660090749079	37994028.9943682
15	25	1	6	3.0484531386469	18374859.9770987
15	25	1	6	4.39918836423363	496266.254410833
15	25	1	6	3.00118752642952	16215205.8433521
15	25	1	6	4.06533713928123	44745307.0305101
15	25	1	6	4.04651142151105	45980265.2251795
15	25	1	6	3.09123925228203	4323627.4343776
15	25	1	6	3.42336058847151	370626.461558786
15	25	1	6	4.15563599383606	36068165.3561515
15	25	1	6	3.00078840639568	4753680.12960143
15	25	1	6	3.9909560505669	105710826.421313
15	25	1	6	2.98841640863164	22527299.4374369
15	25	1	6	4.45527106436745	1509667.41303744
15	25	1	6	4.20289234843581	155294.24122234
15	25	1	6	3.95682687955202	65764327.6900117
15	25	1	6	3.99669546023417	89280475.4389221
15	25	1	6	4.3434418063919	14908639.7399549
15	25	1	6	2.99563488940995	174.991441119367
15	25	1	6	3.01949092513513	8201663.02546171
15	25	1	6	3.0011449054783	47868785.8233242
15	25	1	6	3.20656513621415	19274175.2939523
15	25	1	6	3.43472388134317	29569351.4362191
15	25	1	6	4.35448831782128	302016.18742852
15	25	1	6	3.74362022117359	1649943.60371434
15	25	1	6	2.14659414022336	24423106.0939876
15	25	1	6	3.33595550912437	48710787.1953326
15	25	1	6	3.00001052569453	4808616.47768877
15	25	1	6	2.6159804670887	9436593.89737137
15	25	1	6	4.043935221059	17870619.5010615
15	25	1	6	4.00889340584671	20762023.8031051
15	25	1	6	4.00160494687513	20651952.3583833
15	25	1	6	3.65672706523007	252904.097625416
15	25	1	6	3.00315188674197	14972353.1670576
15	25	1	6	3.43212558405152	6981553.64016127
15	25	1	6	3.00000878429162	15954780.275713
15	25	1	6	3.43092069171685	24114714.4641002
15	25	1	6	2.45167748626438	4971799.18955143
15	25	1	6	4.32734500679739	12375752.0700407
15	25	1	6	4.14210833032096	1122947.97180188
15	25	1	6	3	25985047.3575156
15	25	1	6	4.02934817477806	14382373.2457981
15	25	1	6	3.45763275730505	4719714.00819359
15	25	1	6	4.3638485175933	167413.746661002
15	25	1	6	4.03482757467769	45151825.0061565
15	25	1	6	4.05547942140382	920857.894503271
15	25	1	6	3.00068634221374	40993016.5082758
15	25	1	6	3.97630282019572	142953788.357812
15	25	1	6	4.07212065237743	1808686.26309166
15	25	1	6	4.47625739115123	63167085.8260948
15	25	1	6	3.8577756527227	7606158.6261343
15	25	1	6	2.61744201693745	8018111.78546637
15	25	1	6	4.59895153826798	35269550.6771142
15	25	1	6	4.01146352298789	90596135.810497
15	25	1	6	4.00086477661459	7802505.97270965
15	50	1	6	3.23417303869379	31337953.4237159
15	50	1	6	2.69306180593976	35698755.3720488
15	50	1	6	3.18169718658316	16022128.6149566
15	50	1	6	4.77545116839129	284601.329120038
15	50	1	6	2.31219197540399	22288396.5398901
15	50	1	6	3.11441871054646	40278390.3539256
15	50	1	6	2.99525736432377	30718992.4146494
15	50	1	6	4.26914145369183	46495370.6026598
15	50	1	6	3.61410485271865	1241631.1296403
15	50	1	6	4.16482397148713	1309837.83901917
15	50	1	6	4.3137434925765	636338.749652459
15	50	1	6	4.15850334743354	780400.916474416
15	50	1	6	3.40875655319376	36446692.3674574
15	50	1	6	3.12787757315017	17460811.191382
15	50	1	6	2.71914148473482	17040997.1037893
15	50	1	6	3.37922852770125	19994182.6313076
15	50	1	6	2.54425359674419	11502634.4393622
15	50	1	6	4.75529151149359	1057796.21704621
15	50	1	6	3.75897808746722	382626.858071017
15	50	1	6	3.15153697432006	33053470.8829628
15	50	1	6	3.22586037858096	12350466.228851
15	50	1	6	2.07949918761725	12934254.5222477
15	50	1	6	3.9915035251861	37132308.4157709
15	50	1	6	3.98046746443473	57467335.6193535
15	50	1	6	4.30108714296451	5812574.19870091
15	50	1	6	4.72051075403073	395590.302181152
15	50	1	6	2.82823311165135	8527783.50883407
15	50	1	6	4.9009818121804	820804.384569958
15	50	1	6	4.14824022416579	7157459.94072368
15	50	1	6	4.11158603494234	1198710.97162396
15	50	1	6	2.05829688898795	9204437.82171417
15	50	1	6	3.66646920199105	37879120.1135704
15	50	1	6	3.16251461648917	25352765.0189589
15	50	1	6	3.21417581750338	20127271.2621896
15	50	1	6	3.71856289101479	1394.41496376693
15	50	1	6	3.77163950257595	31028944.0267829
15	50	1	6	4.02682354140927	14504410.2281972
15	50	1	6	3.44763779940606	930931.877954303
15	50	1	6	4.15979113657912	2417469.66746096
15	50	1	6	4.09721808169451	3505612.85644988
15	50	1	6	2.74954637150626	19496825.9462617
15	50	1	6	3.13690320478018	33172868.1553115
15	50	1	6	3.03224324902	24825052.9352682
15	50	1	6	4.56413549795577	595756.379583113
15	50	1	6	4.29878665629155	40335829.9420938
15	50	1	6	4.42900351045871	35511893.35218
15	50	1	6	3.00529758214872	21662849.1821287
15	50	1	6	4.50678042685072	14833480.6511415
15	50	1	6	4.38695215882708	596077.768485185
15	50	1	6	3.6916674595931	15209624.6763379
15	50	1	6	2.3073898566061	28558178.8412129
15	50	1	6	2.91573338168178	19954634.3258649
15	50	1	6	4.49959520982973	2843618.32440581
15	50	1	6	2.94994860184844	12524982.1890539
15	50	1	6	4.21504771000417	478123.456659028
15	50	1	6	3.00038770963827	15871035.9897961
15	50	1	6	4.50636879069318	1364843.17089688
15	50	1	6	2.29149770665658	7800559.9601618
15	50	1	6	3.76496605183188	370450.334620068
15	50	1	6	3.95279368745246	35886000.7503988
15	50	1	6	3.85966363337886	5007741.1553503
15	50	1	6	3.99974165493626	23773395.2236986
15	50	1	6	3.60263157306021	13970325.8260126
15	50	1	6	4.19207817891031	1208306.44248314
15	50	1	6	4.56890358071054	936670.958188328
15	50	1	6	2.21828969403803	54153143.9896426
15	50	1	6	2.967038122381	22009162.6037477
15	50	1	6	3.19709651868877	14882592.655675
15	50	1	6	3.62714106753229	20979367.206284
15	50	1	6	4.38889344323034	4673127.37436772
15	50	1	6	4.22550272933662	15652945.7600268
15	50	1	6	2.9750627278918	13510474.9381355
15	50	1	6	4.66300175864473	1698146.8285216
15	50	1	6	2.47754626226702	33576917.2398729
15	50	1	6	4.52686323841	311829.434925394
15	50	1	6	4.10110864768367	15589962.2669248
15	50	1	6	2.76573389458165	8653691.25391955
15	50	1	6	3.00066473854423	22020278.492192
15	50	1	6	4.02384311353014	344946.208213557
15	50	1	6	4.3924168898817	4551618.19205868
15	50	1	6	4.19679300311205	1693754.66577209
15	50	1	6	4.12114454667036	618152.122674007
15	50	1	6	3.01414728085947	23607493.3721583
15	50	1	6	4.39506277018751	14389756.0253693
15	50	1	6	3.70844300343506	15357479.8498853
15	50	1	6	4.54799151421151	147001.758012763
15	50	1	6	4.61770697815068	5514410.47248081
15	50	1	6	4.78505287093693	1216083.54021471
15	50	1	6	3.73029486955219	18180428.814825
15	50	1	6	3.03920692286532	34192539.6293806
15	50	1	6	3.43159946435187	2223257.58716228
15	50	1	6	3.00107720511172	24871718.4077853
15	50	1	6	3.14869822987903	21670417.772101
15	50	1	6	4.44646615087425	6845547.2049432
15	50	1	6	3.97364564437025	3138695.96752062
15	50	1	6	3.50244278671498	13615496.795681
15	50	1	6	4.3542250983376	29565740.2693975
15	50	1	6	3.13695208671776	49508569.7740678
15	50	1	6	3.66794679139754	319561.61319205
15	100	1	6	4.24859350277216	2016676.73787256
15	100	1	6	3.71840908980286	3385140.18828723
15	100	1	6	4.09512082434401	28689215.3312451
15	100	1	6	4.51744130006685	279789.557801612
15	100	1	6	3.51817153946879	14427659.103911
15	100	1	6	3.30592707387503	24361147.1270857
15	100	1	6	4.00687363209148	4449451.31799608
15	100	1	6	2.77475622152749	16704709.4243161
15	100	1	6	2.83181602058134	13462042.6454263
15	100	1	6	4.15232678871188	2774705.51047328
15	100	1	6	4.87133168391081	419759.031912822
15	100	1	6	4.46892938802266	6935946.61089996
15	100	1	6	4.72678184726549	3363700.56987954
15	100	1	6	3.25385842040833	12763535.2231464
15	100	1	6	3.39380744681187	20261563.1081053
15	100	1	6	3.50425596123469	13199471.9266683
15	100	1	6	2.07384147268488	10479874.184052
15	100	1	6	4.83111414634818	2942621.94317624
15	100	1	6	3.79288751001957	1740929.73132806
15	100	1	6	3.2310570246374	14420402.0166122
15	100	1	6	4.03639136759166	10044402.5148895
15	100	1	6	2.61278150657682	10741447.3957786
15	100	1	6	2.38836190782771	9958487.02239891
15	100	1	6	2.59035937051544	17960017.2568013
15	100	1	6	2.67587322203433	10940826.5268707
15	100	1	6	4.49856331134224	1403670.01887673
15	100	1	6	3.95546918937149	6331464.60429837
15	100	1	6	4.439323275398	1381769.62231662
15	100	1	6	4.18067265371554	3641212.10693671
15	100	1	6	3.2222220580116	21024749.0719705
15	100	1	6	3.22062596495702	12015873.7126457
15	100	1	6	2.77852902599106	5151848.28542316
15	100	1	6	4.13250523823561	2269491.69502148
15	100	1	6	3.65284515824978	15497040.8061584
15	100	1	6	3.55112279259011	51713.6375253078
15	100	1	6	3.46531701777282	3797591.47445746
15	100	1	6	3.42617834168343	16891605.4920341
15	100	1	6	3.33357625140516	12318788.5227775
15	100	1	6	4.40930369398148	22809966.6867168
15	100	1	6	3.8811740846019	9966944.04794131
15	100	1	6	2.4162183235649	14538874.3396761
15	100	1	6	2.3165405725385	19555823.8226157
15	100	1	6	3.2352566581813	22121112.0473351
15	100	1	6	4.30325866768252	16981728.8222054
15	100	1	6	4.44144795955873	22728.696962694
15	100	1	6	3.24933265536541	20775354.5526746
15	100	1	6	2.40916270700258	14947694.7694946
15	100	1	6	4.61449118692393	430845.883123515
15	100	1	6	3.97691961749328	3938962.52930206
15	100	1	6	4.77805872691603	4887960.06614076
15	100	1	6	2.31515065878929	8186480.53350132
15	100	1	6	4.49466316020263	47252.5113525421
15	100	1	6	4.69334163828398	4428790.13664535
15	100	1	6	3.31412186061308	13020007.1057703
15	100	1	6	4.13408463808784	1340836.76059002
15	100	1	6	4.06923405063726	35786824.5984671
15	100	1	6	2.71466966162086	7929162.59607363
15	100	1	6	3.57309456715737	9816054.30238937
15	100	1	6	4.62128279012868	255787.04767913
15	100	1	6	4.52157865729273	985078.376181471
15	100	1	6	3.22509099585971	32589186.1913913
15	100	1	6	3.71145342182391	2460097.75847382
15	100	1	6	4.06075203098633	1840039.248294
15	100	1	6	4.1989701701987	1323013.64821612
15	100	1	6	4.18302434158559	13634582.4863793
15	100	1	6	2.45747069111351	17200800.0447527
15	100	1	6	3.40490646585524	21196153.4874231
15	100	1	6	4.69392915460169	13398756.8178216
15	100	1	6	4.59802303819216	491128.438967044
15	100	1	6	4.02315712580372	17747928.1838664
15	100	1	6	3.2582104707002	28012618.8591629
15	100	1	6	4.76282969454623	1875193.41284121
15	100	1	6	4.26915574155167	789272.310402452
15	100	1	6	4.60290067112835	236302.743153087
15	100	1	6	4.81583777124287	4503250.83531347
15	100	1	6	2.37005536563086	19414498.7335114
15	100	1	6	3.56182716877635	5725215.24512561
15	100	1	6	3.20333332210498	15572275.9505552
15	100	1	6	4.16434832046132	949359.311622005
15	100	1	6	4.43178807070118	556008.141435441
15	100	1	6	4.30089046045097	17518567.2822172
15	100	1	6	3.41112577440233	1343172.29266499
15	100	1	6	4.76480308408733	7392019.86874685
15	100	1	6	4.43816021217499	442386.393138903
15	100	1	6	3.50912041790986	18737334.0900009
15	100	1	6	4.54398399163409	80036.4469932791
15	100	1	6	3.36859151729117	4409932.85294755
15	100	1	6	3.81231055932022	1528254.75431055
15	100	1	6	3.85970213351663	13662903.7669443
15	100	1	6	2.83667907543675	12315534.5054516
15	100	1	6	3.86408625181721	975883.193305513
15	100	1	6	4.05971282073034	17689256.1228167
15	100	1	6	3.33695076049988	12699971.6011673
15	100	1	6	4.87079356260083	3172929.34277482
15	100	1	6	2.77905652780402	8133415.70942695
15	100	1	6	3.48060018565578	12729265.0793425
15	100	1	6	4.06073861065811	1056167.63647894
15	100	1	6	2.54520801834336	12694487.0695754
15	100	1	6	3.90331616441018	972413.020961698
