"Temp"	"S"	"K"	"BMmax"	"TLmax"	"maxBM"
15	100	0.1	6	3.10236211667536	8394.40845098206
15	100	0.1	6	2.8121933890442	280.740803842966
15	100	0.1	6	2.88629382299479	2181.28828500812
15	100	0.1	6	2.58686132820272	1714.82412255548
15	100	0.1	6	2.55680602937571	1760.81032347656
15	100	0.1	6	2.02280403722912	16309.1373187694
15	100	0.1	6	3.52920175161427	367.573143473195
15	100	0.1	6	2.57181335531746	3688.62438295148
15	100	0.1	6	2	16967.8623422582
15	100	0.1	6	2.88131916921796	293.409931988359
15	100	0.1	6	2.99999964889924	111.570591923318
15	100	0.1	6	3.078990808136	1201.44903322639
15	100	0.1	6	2.76528833358577	650.723068188081
15	100	0.1	6	2.03066585304886	13807.2049983274
15	100	0.1	6	2.649949144059	3319.38276641227
15	100	0.1	6	2.1690373699842	1782.47587023037
15	100	0.1	6	2	19575.8559160667
15	100	0.1	6	2.95061749631398	74.0924797524327
15	100	0.1	6	3.04397627106498	2972.54607136677
15	100	0.1	6	2	17742.5066469288
15	100	0.1	6	2	7750.81639004263
15	100	0.1	6	2.1096593932102	9981.49427100616
15	100	0.1	6	2.37126323914375	5214.52144229285
15	100	0.1	6	3.27195389076037	2340.26149015615
15	100	0.1	6	1	18695.1411594328
15	100	0.1	6	3.51833052018762	455.988204446484
15	100	0.1	6	3.32085071600553	862.978028460978
15	100	0.1	6	2.5458400315772	7809.41167250679
15	100	0.1	6	3.20400075595334	711.340348964691
15	100	0.1	6	2.55399961950374	6827.19287574629
15	100	0.1	6	1	14375.033714649
15	100	0.1	6	2.06717082509525	2038.58555766934
15	100	0.1	6	2.20698760410543	2721.43335430908
15	100	0.1	6	3.00731582480296	1405.96607125223
15	100	0.1	6	2.66004298770192	3062.22958154344
15	100	0.1	6	2.71884731764482	2594.10739531785
15	100	0.1	6	2.67833194410851	2037.39584207804
15	100	0.1	6	2.51612860861098	2334.67902665496
15	100	0.1	6	3.69683920006648	3158.74149055342
15	100	0.1	6	2.7167965757718	1925.68345693044
15	100	0.1	6	2.43819701989964	6185.93418889041
15	100	0.1	6	2	7824.06825332721
15	100	0.1	6	2.26561921350494	7145.68460688125
15	100	0.1	6	3.50285473743672	2914.96079948854
15	100	0.1	6	2.80773529011195	37.8001986642527
15	100	0.1	6	2	8535.42682582211
15	100	0.1	6	2.07007334047671	6147.91314718264
15	100	0.1	6	2.4981647184595	12058.5604933784
15	100	0.1	6	2	2858.80927408517
15	100	0.1	6	3.22986705619002	407.148089575937
15	100	0.1	6	2.03124268369245	2516.55130144439
15	100	0.1	6	3.0844240956449	428.132849181788
15	100	0.1	6	2.74541476671442	686.309297082978
15	100	0.1	6	2	16346.5309008444
15	100	0.1	6	3.19266947155113	1442.85988480165
15	100	0.1	6	3.13648020395884	3343.23349134031
15	100	0.1	6	2.82899851850753	1292.0420269632
15	100	0.1	6	2.26388595739042	1509.10517230098
15	100	0.1	6	2.74469153535985	2322.4978664436
15	100	0.1	6	2.53334562875837	1440.56193802459
15	100	0.1	6	2	8661.30141007401
15	100	0.1	6	3.13902871457817	1961.3455452952
15	100	0.1	6	3.10104466550215	1406.51583879571
15	100	0.1	6	2	5016.74247447829
15	100	0.1	6	3.22829697199433	1104.19708246321
15	100	0.1	6	1	21164.1317578348
15	100	0.1	6	2.17060728911311	6506.67366289232
15	100	0.1	6	2.85514634162675	565.696553285884
15	100	0.1	6	3.15057923514902	297.27380490221
15	100	0.1	6	2.5579551367604	3565.28085386006
15	100	0.1	6	2.65287241731469	8338.20508485039
NA	NA	NA	NA	NA	NA
15	100	0.1	6	2.89028062653664	305.326436256826
15	100	0.1	6	2.46481590628138	10835.722862411
15	100	0.1	6	2	12622.9697737528
15	100	0.1	6	2.96965483216311	384.758851628246
15	100	0.1	6	2.30260121017306	5916.45162491031
15	100	0.1	6	2.64704655990116	1512.5983112332
15	100	0.1	6	2.6576858967377	1627.63752775089
15	100	0.1	6	2.85350890722367	962.250652191677
15	100	0.1	6	2.66045215164234	951.956007491794
15	100	0.1	6	3.2581856820288	1237.73032383373
15	100	0.1	6	2.12385003076851	9469.0236658049
15	100	0.1	6	3.30204917037658	631.527379489729
15	100	0.1	6	2.9996783421965	1865.87110875356
15	100	0.1	6	2.41963990055226	3196.04058393741
15	100	0.1	6	2	2804.28547679095
15	100	0.1	6	2.06472699726582	19456.6034901981
15	100	0.1	6	2.11531052504724	1980.82787716102
15	100	0.1	6	2.13896819395756	828.096514542952
15	100	0.1	6	2.98614877926836	540.814082864577
15	100	0.1	6	2.10639671078233	2283.9713344888
15	100	0.1	6	2.45187256922198	4838.61838763289
15	100	0.1	6	2	4621.75239451373
15	100	0.1	6	3.44997066636319	983.569248435213
15	100	0.1	6	1	18171.2542209076
15	100	0.1	6	2.18884747073393	3731.44203774037
15	100	0.1	6	2.76239972032589	882.336916665144
15	100	0.1	6	2	17210.6203535491
15	100	0.1	6	3.13129848590701	642.038875012201
20	100	0.1	6	1	8870.92639170453
20	100	0.1	6	2	119.311226961979
20	100	0.1	6	2	1515.34398138203
20	100	0.1	6	1	3.4929529857748
20	100	0.1	6	2	475.400210431612
20	100	0.1	6	2	6647.39778019174
20	100	0.1	6	2.34066751003209	51.5895346243282
20	100	0.1	6	1	3159.72345524101
20	100	0.1	6	2	4410.34581437668
20	100	0.1	6	2	174.385866323908
20	100	0.1	6	1	4.83589080658353
20	100	0.1	6	2.07931797306124	192.962435136372
20	100	0.1	6	2	681.318659971796
20	100	0.1	6	2	4675.63662884325
20	100	0.1	6	2	2680.72490270613
20	100	0.1	6	2	1008.352315361
20	100	0.1	6	1	12709.3740336426
20	100	0.1	6	2	76.2357083078331
20	100	0.1	6	2.46037799874115	1053.13786253689
20	100	0.1	6	1	13471.3346443652
20	100	0.1	6	1	8998.77977484561
20	100	0.1	6	2	1071.31345310621
20	100	0.1	6	2	3257.05461457425
20	100	0.1	6	2.22013494885067	604.376194135152
20	100	0.1	6	1	11630.6563402488
20	100	0.1	6	2.50987197883919	31.5436124928774
20	100	0.1	6	2	22.386764737914
20	100	0.1	6	2.47117213204179	330.311658269424
20	100	0.1	6	2	94.1168038982639
20	100	0.1	6	2.42072174697476	2450.00732460856
20	100	0.1	6	1	8901.08053892633
20	100	0.1	6	2	1010.39341505853
20	100	0.1	6	2	38.4027598742274
20	100	0.1	6	2	854.414246392719
20	100	0.1	6	2	3090.38600731905
20	100	0.1	6	2	1751.9303021744
20	100	0.1	6	2	1869.63966263252
20	100	0.1	6	2	2122.53024914372
20	100	0.1	6	2.60316391260634	52.0173689944116
20	100	0.1	6	2	10.2430698748119
20	100	0.1	6	1	4578.20773761812
20	100	0.1	6	1	8852.47995811482
20	100	0.1	6	2	5450.34887826231
20	100	0.1	6	2.55682457782474	118.981854605072
20	100	0.1	6	2	34.3591708554518
20	100	0.1	6	1	10187.786183562
20	100	0.1	6	2	1547.31078757635
20	100	0.1	6	2.46094183293033	4660.56489624582
20	100	0.1	6	2	986.984173598661
20	100	0.1	6	2	64.5674153713327
20	100	0.1	6	1	1957.09045244803
20	100	0.1	6	1	4.83320119903083
20	100	0.1	6	2.10548355604621	353.722587463009
20	100	0.1	6	2	7470.02275468525
20	100	0.1	6	2.44682002781363	406.757678850945
20	100	0.1	6	2.14883807151068	588.523088494978
20	100	0.1	6	2.03248609487267	347.077577380103
20	100	0.1	6	2	479.321878043005
20	100	0.1	6	2	2121.99240299528
20	100	0.1	6	1	1798.99359725954
20	100	0.1	6	1	12146.6273902789
20	100	0.1	6	2.3611244616532	382.937390249671
20	100	0.1	6	2.31691443524274	593.575044731564
20	100	0.1	6	1	4423.24218053985
20	100	0.1	6	2.23161355291576	556.965959987802
20	100	0.1	6	1	13093.4172954573
20	100	0.1	6	1	3203.97438134943
20	100	0.1	6	2.0868807674984	228.947615558795
20	100	0.1	6	1	2.92052585770613
20	100	0.1	6	1	5507.096656297
20	100	0.1	6	2	9198.24282673011
NA	NA	NA	NA	NA	NA
20	100	0.1	6	2	92.755366081736
20	100	0.1	6	2	6886.91634365284
20	100	0.1	6	2	5657.61343922532
20	100	0.1	6	2	201.810814983959
20	100	0.1	6	2	3266.89767607312
20	100	0.1	6	2	1367.65049634623
20	100	0.1	6	2.10876378123246	803.697586701348
20	100	0.1	6	2	458.644321117758
20	100	0.1	6	2	863.574510281384
20	100	0.1	6	2.47311880409526	28.4486961801114
20	100	0.1	6	2	8744.79328011948
20	100	0.1	6	2	30.7016151655896
20	100	0.1	6	1	3.01916214300084
20	100	0.1	6	2.03668885066912	898.178535594168
20	100	0.1	6	1	2.56399055970556
20	100	0.1	6	2.47486174348673	2748.00451426386
20	100	0.1	6	1	1531.91004396515
20	100	0.1	6	2	1059.98499598401
20	100	0.1	6	2	248.291391994534
20	100	0.1	6	1	1488.32955511596
20	100	0.1	6	1	3638.92873438366
20	100	0.1	6	1	4501.74837255686
20	100	0.1	6	2	100.936205022737
20	100	0.1	6	1	11248.0374493596
20	100	0.1	6	1	4169.08087511914
20	100	0.1	6	2	578.124278647688
20	100	0.1	6	2	6224.33741984736
20	100	0.1	6	2	85.931817420731
25	100	0.1	6	1	5597.24578394604
25	100	0.1	6	1	171.748021495128
25	100	0.1	6	2	61.9696790905944
25	100	0.1	6	1	2.18653956679631
25	100	0.1	6	1	615.028434706879
25	100	0.1	6	1	4574.00255797468
25	100	0.1	6	1	24.6092535870153
25	100	0.1	6	1	1986.27497896881
25	100	0.1	6	1	571.607848487561
25	100	0.1	6	1	65.323865451991
25	100	0.1	6	1	3.03005419913726
25	100	0.1	6	1	618.921209606168
25	100	0.1	6	1	796.542053888752
25	100	0.1	6	2	177.564438252177
25	100	0.1	6	1	272.243405119342
25	100	0.1	6	1	21.0045820893449
25	100	0.1	6	1	7975.51147218181
25	100	0.1	6	1	116.815290363901
25	100	0.1	6	2	279.604267012463
25	100	0.1	6	1	8455.44427743762
25	100	0.1	6	1	5644.08282444161
25	100	0.1	6	1	84.2180812124798
25	100	0.1	6	2	1000.480551686
25	100	0.1	6	2	244.015693674848
25	100	0.1	6	1	7349.68231470952
25	100	0.1	6	1	28.0734536814327
25	100	0.1	6	1	5.79391863373717
25	100	0.1	6	1	124.55819843408
25	100	0.1	6	1	293.031619557851
25	100	0.1	6	1	8.21082970182668
25	100	0.1	6	1	5587.69738908944
25	100	0.1	6	1	559.504972361004
25	100	0.1	6	1	137.814116380087
25	100	0.1	6	1	11.8560382277781
25	100	0.1	6	1	3953.13531293037
25	100	0.1	6	1	1367.92150387625
25	100	0.1	6	1	761.933289180497
25	100	0.1	6	1	1578.69769387852
25	100	0.1	6	1	133.118010634867
25	100	0.1	6	1	6.52529066642197
25	100	0.1	6	1	2874.2917073553
25	100	0.1	6	1	5560.46239257127
25	100	0.1	6	1	29.1562922549217
25	100	0.1	6	1	22.4132091466701
25	100	0.1	6	1	31.1711923972834
25	100	0.1	6	1	1613.2364286983
25	100	0.1	6	1	686.541394796457
25	100	0.1	6	1	15.8748676208087
25	100	0.1	6	1	128.429525862573
25	100	0.1	6	1	3.19125847198317
25	100	0.1	6	1	1225.25346176334
25	100	0.1	6	1	3.03618747372871
25	100	0.1	6	1	35.2015549345792
25	100	0.1	6	1	1140.96200215815
25	100	0.1	6	1	243.127832969069
25	100	0.1	6	1	38.7672503833037
25	100	0.1	6	1	26.7981390361852
25	100	0.1	6	1	6.0809360243058
25	100	0.1	6	1	363.084752976738
25	100	0.1	6	1	1126.05194380558
25	100	0.1	6	1	7627.51015039316
25	100	0.1	6	1	22.6899171182029
25	100	0.1	6	1	13.0911774482425
25	100	0.1	6	1	2752.45938685295
25	100	0.1	6	1	20.5610193693966
25	100	0.1	6	1	8209.23583511399
25	100	0.1	6	1	1971.50101291011
25	100	0.1	6	1	6.53910830822538
25	100	0.1	6	1	1.82976554364576
25	100	0.1	6	1	3459.58739880571
25	100	0.1	6	1	15.5876718282392
NA	NA	NA	NA	NA	NA
25	100	0.1	6	1	3.24957713793366
25	100	0.1	6	1	4553.58366634092
25	100	0.1	6	1	203.866104827739
25	100	0.1	6	1	348.856883194438
25	100	0.1	6	1	1106.06622634693
25	100	0.1	6	1	1191.06438721832
25	100	0.1	6	1	10.0421370742753
25	100	0.1	6	1	643.494308671658
25	100	0.1	6	1	962.744202457882
25	100	0.1	6	1	12.1919799784161
25	100	0.1	6	2	2298.08967232912
25	100	0.1	6	1	5.55808926346262
25	100	0.1	6	1	1.89399804480771
25	100	0.1	6	1	88.1950442180964
25	100	0.1	6	1	1.60516897756748
25	100	0.1	6	1	594.37904284454
25	100	0.1	6	1	960.479057438938
25	100	0.1	6	1	61.6241907999985
25	100	0.1	6	1	6.75930383404873
25	100	0.1	6	1	969.373278340706
25	100	0.1	6	1	2285.18769853666
25	100	0.1	6	1	2820.23990289811
25	100	0.1	6	1	3.91298880223281
25	100	0.1	6	1	7057.74178750133
25	100	0.1	6	1	2597.87982630241
25	100	0.1	6	1	63.08835890061
25	100	0.1	6	1	102.086874387834
25	100	0.1	6	1	87.895472329642
15	100	0.25	6	3.82588095922202	3108157.74217462
15	100	0.25	6	4.0297677270411	276948.824558905
15	100	0.25	6	3.59883306123524	1085834.26765511
15	100	0.25	6	3.74712429287092	4632.20960831079
15	100	0.25	6	3.98934267964146	633544.870280834
15	100	0.25	6	3.65156798364294	1833410.24346405
15	100	0.25	6	4.3422780634944	939579.057107247
15	100	0.25	6	4.10077484512149	2978502.11221158
15	100	0.25	6	3.13903099694514	500599.623717109
15	100	0.25	6	4.17467285563898	390308.155162319
15	100	0.25	6	3.76272184781316	1828.5082113398
15	100	0.25	6	4.02713746239262	808550.752838792
15	100	0.25	6	3.92687408694626	448971.495450387
15	100	0.25	6	3.67059684707555	780222.775798381
15	100	0.25	6	4.01920327265902	1739021.21722367
15	100	0.25	6	3.49865599152379	358932.102054021
15	100	0.25	6	2.84400248586304	622443.037012987
15	100	0.25	6	4.38402920714342	344207.426964856
15	100	0.25	6	3.83076653857953	787176.990796994
15	100	0.25	6	2.77932203099372	1364078.51290271
15	100	0.25	6	3.70507324242826	1667760.60200934
15	100	0.25	6	3.3801060407855	435181.544691071
15	100	0.25	6	2.99319964659445	683444.751415607
15	100	0.25	6	3.57603919727252	2713542.48511676
15	100	0.25	6	3.02548667414944	583560.82985368
15	100	0.25	6	4.57709198361607	493436.210163187
15	100	0.25	6	4.45986256509498	518697.057206783
15	100	0.25	6	3.95513625351054	222097.244760751
15	100	0.25	6	4.31334055936157	1125040.22639371
15	100	0.25	6	3.39415592024476	1517460.0027627
15	100	0.25	6	2.98721363574144	782568.139207603
15	100	0.25	6	3.3101047072286	100747.150989027
15	100	0.25	6	3.73719012903809	818651.645524102
15	100	0.25	6	3.57314964061632	1484053.01100401
15	100	0.25	6	3.42027581831931	370253.550088478
15	100	0.25	6	2.98267072621131	1481763.76146823
15	100	0.25	6	3.41976843790433	1912212.66132135
15	100	0.25	6	3.51379078286678	1590403.76552887
15	100	0.25	6	4.04881864831549	1995755.44841805
15	100	0.25	6	3.90783234499999	268491.248452689
15	100	0.25	6	3.16280553815434	1216190.99808261
15	100	0.25	6	2.90224564933976	2675677.00653363
15	100	0.25	6	3.14065731165625	1012389.58388258
15	100	0.25	6	3.97466241389856	1548778.98661851
15	100	0.25	6	3.71101017008013	422.388581261189
15	100	0.25	6	2.96474690163142	1612280.16012715
15	100	0.25	6	3.18885161695989	753936.473338752
15	100	0.25	6	3.82078450097192	3822.31382664393
15	100	0.25	6	2.60006248519182	5475.14446819538
15	100	0.25	6	4.60090201544889	1310831.19994911
15	100	0.25	6	3.24969394114687	185446.763435306
15	100	0.25	6	3.77391421300174	1631.14588434591
15	100	0.25	6	4.4768427905299	353875.719021117
15	100	0.25	6	3.5290176208408	1320655.33893811
15	100	0.25	6	3.79626570153938	670427.103597487
15	100	0.25	6	3.4726312686251	2162285.55897862
15	100	0.25	6	3.7097199673226	726588.121529443
15	100	0.25	6	2.72618492389781	10891.9057866307
15	100	0.25	6	3.9415362192187	5323.4175536291
15	100	0.25	6	3.4957388656595	84115.8642836914
15	100	0.25	6	3.65834100137492	3215556.37190706
15	100	0.25	6	4.04911421057255	446618.12107616
15	100	0.25	6	4.16810795719841	622657.547263042
15	100	0.25	6	3.77637765664208	2229277.19802041
15	100	0.25	6	3.88475023374818	1454591.8026733
15	100	0.25	6	2	17804.1729738988
15	100	0.25	6	3.0888666814409	906197.645217042
15	100	0.25	6	3.96954924204731	1374027.7026855
15	100	0.25	6	3.87272786709119	3303.30181245546
15	100	0.25	6	3.80922145722319	1103196.80387182
15	100	0.25	6	3.74797180911097	3266298.34566224
NA	NA	NA	NA	NA	NA
15	100	0.25	6	4.18509428270537	39997.7697690901
15	100	0.25	6	3.22847465733713	1418125.26314538
15	100	0.25	6	3.18480709111958	356236.690013375
15	100	0.25	6	4.00034085503774	397421.348264307
15	100	0.25	6	3.10509836353913	1422210.60484262
15	100	0.25	6	3.50631478489931	1486061.72202071
15	100	0.25	6	3.35954613401448	1696574.77761029
15	100	0.25	6	4.06073417454957	756874.830248577
15	100	0.25	6	3.7846686733033	179689.018044038
15	100	0.25	6	4.13281896265115	597987.044934483
15	100	0.25	6	2.96749527728881	1266308.80596723
15	100	0.25	6	5.00569280610166	672788.124091343
15	100	0.25	6	3.77125539302695	2578.67920588363
15	100	0.25	6	4.05227440331704	753716.621181644
15	100	0.25	6	3.31062797617858	2208.54322483925
15	100	0.25	6	3.00256924379921	1113866.40460098
15	100	0.25	6	3.40745609059377	796110.96874172
15	100	0.25	6	3.65394983693705	356860.518393593
15	100	0.25	6	3.63025158229638	21866.4338447095
15	100	0.25	6	2.51430129255594	5613.588453328
15	100	0.25	6	3.37592618831485	1327480.24419225
15	100	0.25	6	3.07301349354309	161738.776495818
15	100	0.25	6	4.49977130534734	761423.440394032
15	100	0.25	6	3.01759114140363	1082456.72908598
15	100	0.25	6	3.54789971721056	2145795.37716505
15	100	0.25	6	3.00509633531603	3947.29752777162
15	100	0.25	6	2.9239458808389	1159960.221902
15	100	0.25	6	3.95710084892287	433202.951250897
20	100	0.25	6	3.86525325207714	261790.885547889
20	100	0.25	6	2.66872535668614	399.415008615805
20	100	0.25	6	2.90799635711552	2961.04760500419
20	100	0.25	6	2.39530183211633	534.738924797447
20	100	0.25	6	2.49130408767555	3598.47067898316
20	100	0.25	6	2.06078224098904	21989.2392009132
20	100	0.25	6	3.1165114889328	392.92124614651
20	100	0.25	6	3.20921407734171	5790.72852819427
20	100	0.25	6	2	27058.1945957688
20	100	0.25	6	2.87311327932506	282.439026489263
20	100	0.25	6	2.36274281649552	97.2962443262572
20	100	0.25	6	3.06918320158672	1083.39687559035
20	100	0.25	6	2.79808351518663	827.60316587898
20	100	0.25	6	2.03016184035838	20662.1930257256
20	100	0.25	6	2.6418612965346	5858.18867527116
20	100	0.25	6	2.13591545524063	2928.13188546166
20	100	0.25	6	2	29262.6706920884
20	100	0.25	6	2.89507863815059	91.3817604762768
20	100	0.25	6	3.09786512064758	4528.37959327604
20	100	0.25	6	2	25880.7632303136
20	100	0.25	6	2.08234362941685	10341.5745920955
20	100	0.25	6	2.11950217028098	16755.2970599316
20	100	0.25	6	2.40044819989025	10899.1304497346
20	100	0.25	6	3.32887783147184	10434.1588144065
20	100	0.25	6	1	29118.8037333257
20	100	0.25	6	2.91063889812288	96.8972966415293
20	100	0.25	6	3.15664508809583	207.388316197037
20	100	0.25	6	2.47108671111327	6232.85118942666
20	100	0.25	6	3.12138937108417	210.042421587341
20	100	0.25	6	2.48114241033524	10765.2449038338
20	100	0.25	6	1	22514.175921484
20	100	0.25	6	2.05186929718213	3381.3826295227
20	100	0.25	6	2.11347241948391	4692.62249529242
20	100	0.25	6	3.04970033162193	1538.59513520331
20	100	0.25	6	2.68862387470509	8220.55186717356
20	100	0.25	6	2.9118577721905	13186.3943447056
20	100	0.25	6	2.70782378074159	5789.85384750118
20	100	0.25	6	2.93362641453203	7836.25297901512
20	100	0.25	6	3.29636309727484	2019.33012821739
20	100	0.25	6	2.6643892935041	2677.03041580428
20	100	0.25	6	2.54796396445524	10386.3198622904
20	100	0.25	6	2.52431903893554	13639.609371811
20	100	0.25	6	2.27802902335643	10977.5822259769
20	100	0.25	6	3.37977319679188	3579.83009457127
20	100	0.25	6	2.63356352936751	43.9522923210882
20	100	0.25	6	2.01047277121991	16975.3784366133
20	100	0.25	6	2.36409423822617	3336.94473986838
20	100	0.25	6	2.46501757372875	26730.9974238517
20	100	0.25	6	2	4538.75061202253
20	100	0.25	6	2.97623212047031	160.511120798156
20	100	0.25	6	2.00914745259372	4940.1717921607
20	100	0.25	6	2.92608890511704	116.732034061191
20	100	0.25	6	2.78679256234521	904.426886917652
20	100	0.25	6	2	25495.8537565272
20	100	0.25	6	3.13656109307448	1864.61959837263
20	100	0.25	6	4.03019344916727	14425.6407671022
20	100	0.25	6	2.74615815896404	1943.77662420591
20	100	0.25	6	2.0391017159773	2150.93708589713
20	100	0.25	6	2.76024723188255	2614.16606159409
20	100	0.25	6	2.00333710975245	1895.62938055966
20	100	0.25	6	2	13235.6423436201
20	100	0.25	6	3.16917385288389	450.55698265642
20	100	0.25	6	3.16394244645863	585.635636835732
20	100	0.25	6	2.02323627719968	12075.6960294461
20	100	0.25	6	2.97896094294439	1642.8510065276
20	100	0.25	6	1	33181.3165853482
20	100	0.25	6	2.62791263480063	11072.2595970106
20	100	0.25	6	2.86196304574373	677.705175884778
20	100	0.25	6	3	84.4547531740982
20	100	0.25	6	2.52453995327658	8340.1441308649
20	100	0.25	6	2.64614348257792	13324.8797399422
NA	NA	NA	NA	NA	NA
20	100	0.25	6	2.53859612784358	659.076154437016
20	100	0.25	6	2.3694037401828	15786.3881089159
20	100	0.25	6	2	19946.984974815
20	100	0.25	6	2.74109670564095	535.254969286726
20	100	0.25	6	2.22158717433022	12582.9546634287
20	100	0.25	6	3.13334894740278	2347.32885885793
20	100	0.25	6	2.99007889964197	3456.31257661153
20	100	0.25	6	2.79574963177099	576.683994060834
20	100	0.25	6	2.70497634489132	964.021965828444
20	100	0.25	6	3.2154752166248	758.974060317855
20	100	0.25	6	2.0922079880442	14808.9873655506
20	100	0.25	6	3.26229552446548	229.437498556681
20	100	0.25	6	2.99997358992523	27.7414598518827
20	100	0.25	6	2.38007880448978	4955.84077181746
20	100	0.25	6	2	1531.45002546865
20	100	0.25	6	2.05614520199215	29409.2864500322
20	100	0.25	6	2.09876020277189	3005.52666576827
20	100	0.25	6	2.67199759051813	1996.80855363463
20	100	0.25	6	2.64878351177707	3302.0385484144
20	100	0.25	6	2.10571192544634	3374.097204213
20	100	0.25	6	2.45295240796296	7228.5536091429
20	100	0.25	6	2	5829.6225124715
20	100	0.25	6	2.9268604446696	151.649136404882
20	100	0.25	6	1	28470.7088878407
20	100	0.25	6	2.78897992584995	6216.49083141554
20	100	0.25	6	2.79798220690042	919.28539840761
20	100	0.25	6	2	26095.4050953662
20	100	0.25	6	2.92686868980426	432.851766952124
25	100	0.25	6	2	13436.3485215416
25	100	0.25	6	2	202.089787951209
25	100	0.25	6	2	2372.45601096242
25	100	0.25	6	1	5.58957578785909
25	100	0.25	6	2	752.169179512986
25	100	0.25	6	2	11618.6505671121
25	100	0.25	6	2	341.838305438602
25	100	0.25	6	2	4837.88591207262
25	100	0.25	6	2	8002.33570087429
25	100	0.25	6	2	272.839058169578
25	100	0.25	6	1	7.73030450943027
25	100	0.25	6	2	415.82494356241
25	100	0.25	6	1	2036.57585478856
25	100	0.25	6	2	7690.70281571682
25	100	0.25	6	2	4098.83710044149
25	100	0.25	6	2	1341.20668783622
25	100	0.25	6	1	20281.0462631723
25	100	0.25	6	2	328.647313701629
25	100	0.25	6	2.09907539575224	1708.46059821482
25	100	0.25	6	1	21491.7740522709
25	100	0.25	6	1	14368.3369630302
25	100	0.25	6	2	1716.63349028126
25	100	0.25	6	2	5178.74180625659
25	100	0.25	6	2.16559875743651	1082.52319627869
25	100	0.25	6	1	18411.1118060438
25	100	0.25	6	2	38.9316863547836
25	100	0.25	6	1	14.7757571392831
25	100	0.25	6	2	42.3038931934224
25	100	0.25	6	1	7.74398532927321
25	100	0.25	6	2	550.026247090145
25	100	0.25	6	1	14198.117426639
25	100	0.25	6	2	1621.3701537727
25	100	0.25	6	2	124.731871845485
25	100	0.25	6	2	1113.97973035711
25	100	0.25	6	2	4658.98127913855
25	100	0.25	6	2	2628.7866875171
25	100	0.25	6	2	3136.1225948172
25	100	0.25	6	1	4007.24824258309
25	100	0.25	6	2.4603617845685	72.5588864390392
25	100	0.25	6	1	16.7378787458042
25	100	0.25	6	1	7301.83145271238
25	100	0.25	6	1	14111.0749152309
25	100	0.25	6	2	8479.97759917379
25	100	0.25	6	2.54491096130088	189.667578208964
25	100	0.25	6	2	60.1309879446974
25	100	0.25	6	1	15498.396792492
25	100	0.25	6	2	2505.43505289844
25	100	0.25	6	2.41598396838835	5007.51351678033
25	100	0.25	6	1	329.43420978407
25	100	0.25	6	1	8.08822383882039
25	100	0.25	6	1	3131.40783044403
25	100	0.25	6	1	7.56033863361794
25	100	0.25	6	2.00006523083533	679.301058379392
25	100	0.25	6	2	10993.5761378115
25	100	0.25	6	2.47799369444124	510.882028775198
25	100	0.25	6	2.13897633526169	912.070422495053
25	100	0.25	6	2.03616259832926	529.371710225726
25	100	0.25	6	2	199.756464731058
25	100	0.25	6	2	3184.28619170301
25	100	0.25	6	1	2879.0978958127
25	100	0.25	6	1	19368.0992387296
25	100	0.25	6	2.28566366377394	752.026589818823
25	100	0.25	6	2.32063840260542	843.560409969522
25	100	0.25	6	1	7126.02902037312
25	100	0.25	6	2.08723946465912	942.4081035293
25	100	0.25	6	1	20915.0346044059
25	100	0.25	6	1	5226.40536274583
25	100	0.25	6	2	210.715836886067
25	100	0.25	6	1	4.66902508302769
25	100	0.25	6	1	8777.1612365248
25	100	0.25	6	2	12310.5912753582
NA	NA	NA	NA	NA	NA
25	100	0.25	6	1	8.25150800770806
25	100	0.25	6	1	11545.0802750369
25	100	0.25	6	2	9309.39194323248
25	100	0.25	6	1	895.305806687278
25	100	0.25	6	2	5184.09774832557
25	100	0.25	6	2	2046.85173210482
25	100	0.25	6	2.09604389803127	1278.1636101555
25	100	0.25	6	2	791.098743230967
25	100	0.25	6	2	1302.14296396252
25	100	0.25	6	2	65.8151568025026
25	100	0.25	6	2	14257.7123629487
25	100	0.25	6	1	14.1696246144248
25	100	0.25	6	1	4.81963471476738
25	100	0.25	6	2.09635769275541	1183.51149813195
25	100	0.25	6	1	4.1025825989676
25	100	0.25	6	1	1540.87120248929
25	100	0.25	6	1	2446.99586105057
25	100	0.25	6	2	1711.33587012406
25	100	0.25	6	2	258.383411788314
25	100	0.25	6	1	2090.50369426817
25	100	0.25	6	1	5802.03733534402
25	100	0.25	6	1	7205.79923674176
25	100	0.25	6	2	176.680226776059
25	100	0.25	6	1	17951.2550617885
25	100	0.25	6	1	6706.16200787719
25	100	0.25	6	2	936.821767441366
25	100	0.25	6	2	8049.01533001105
25	100	0.25	6	2	137.828411607609
15	100	0.5	6	4.0778303516914	2485748.14015813
15	100	0.5	6	3.90328028919228	1661884.35382498
15	100	0.5	6	3.24494527566784	6103337.06867872
15	100	0.5	6	4.49447446259618	191933.207327112
15	100	0.5	6	3.72194007755719	4449589.14707953
15	100	0.5	6	3.45992261850193	8657730.21857995
15	100	0.5	6	4.07361774049141	2701391.68444619
15	100	0.5	6	3.80497105350657	10812769.6655824
15	100	0.5	6	2.75024106780913	3812901.96766851
15	100	0.5	6	4.03800861527796	1658946.68091974
15	100	0.5	6	4.44464724840489	258559.188820314
15	100	0.5	6	3.80568595185402	3016731.82872619
15	100	0.5	6	3.92368471007903	1765765.32707429
15	100	0.5	6	3.44509557728038	4453653.96542227
15	100	0.5	6	3.66630770784053	6081887.16745884
15	100	0.5	6	3.78171696991364	2504032.31632274
15	100	0.5	6	2.47948304121606	3180445.95883714
15	100	0.5	6	4.26894208201638	1480747.94084175
15	100	0.5	6	3.87032036766168	1366287.43144548
15	100	0.5	6	3.36515400159883	5245051.43911628
15	100	0.5	6	3.78472251805858	6502632.65652994
15	100	0.5	6	2.79148978064762	3332957.98684279
15	100	0.5	6	2.62662932951723	3163692.75832194
15	100	0.5	6	3.79300425127324	9832228.22449772
15	100	0.5	6	2.6144700891432	3594365.89345978
15	100	0.5	6	4.50961862742387	1154370.81188871
15	100	0.5	6	4.18120602372614	2252761.78741511
15	100	0.5	6	4.49758130326257	875690.866599429
15	100	0.5	6	4.23871561886884	2276931.33365256
15	100	0.5	6	3.24105329719733	7580463.08690044
15	100	0.5	6	2.62744822590819	4462955.34052679
15	100	0.5	6	3.03613038286766	1382503.01451968
15	100	0.5	6	4.26097777197293	1346373.63652811
15	100	0.5	6	3.94990841679357	5191531.53346978
15	100	0.5	6	3.50492054940709	78871.3307805448
15	100	0.5	6	3.27659174487126	3119518.2632702
15	100	0.5	6	3.11179336104414	4539930.58283403
15	100	0.5	6	3.46647492551756	2767969.65506692
15	100	0.5	6	3.68953944634538	6722802.70396232
15	100	0.5	6	3.55962809509231	2323280.42985319
15	100	0.5	6	2.64898977350622	5572929.53912186
15	100	0.5	6	2.58049137967417	8631908.45677071
15	100	0.5	6	3.37800074252443	8385335.89029996
15	100	0.5	6	3.72200935086686	4558887.47669986
15	100	0.5	6	3.89204823850874	2984.74225584277
15	100	0.5	6	2.58261998803221	6876890.02075308
15	100	0.5	6	2.66675354269491	4272444.49480184
15	100	0.5	6	4.65149470556449	432898.960239037
15	100	0.5	6	3.65171624293349	1788080.33685925
15	100	0.5	6	4.7451745093295	3815898.84991945
15	100	0.5	6	2.79301194599901	2197595.33485413
15	100	0.5	6	3.84967561643923	3492.90267473876
15	100	0.5	6	4.50807573290675	2561897.07160512
15	100	0.5	6	3.45112722828458	4863487.39338632
15	100	0.5	6	3.5548676392489	1097513.83019237
15	100	0.5	6	4.04897149580143	8247344.1978553
15	100	0.5	6	3.09771075437717	3671372.15318982
15	100	0.5	6	3.69860093328023	2551889.53344365
15	100	0.5	6	4.61448265838819	157546.989421835
15	100	0.5	6	4.19574003968785	821883.422951176
15	100	0.5	6	3.42677897653944	12428882.8678439
15	100	0.5	6	3.93370331715312	1412034.90269682
15	100	0.5	6	4.75938735252232	1940093.0999573
15	100	0.5	6	3.97840070687631	2010910.12297505
15	100	0.5	6	3.58771679701243	3461660.76046536
15	100	0.5	6	2.76066433418782	5494660.61125573
15	100	0.5	6	2.74580920364732	4382033.42158917
15	100	0.5	6	4.6292273670314	5817174.10090958
15	100	0.5	6	4.50918022616085	135537.145681777
15	100	0.5	6	3.91242665198418	9416834.53723234
15	100	0.5	6	3.46220248615411	11412947.4344919
NA	NA	NA	NA	NA	NA
15	100	0.5	6	4.84934451075004	878264.82721183
15	100	0.5	6	3.81227850510989	1173354.30626532
15	100	0.5	6	3.9297390992144	4583.37788410076
15	100	0.5	6	4.70071787993232	2497748.77502046
15	100	0.5	6	2.70501793825658	6768209.6669246
15	100	0.5	6	3.52056999121787	3825295.02432686
15	100	0.5	6	2.58764103953621	5419093.19041849
15	100	0.5	6	4.121593962153	1488796.13681968
15	100	0.5	6	4.1988811427891	460055.344862784
15	100	0.5	6	3.60960680344721	4834501.10878264
15	100	0.5	6	2.61073855886641	4519665.51200635
15	100	0.5	6	4.89843727449374	3155243.19042578
15	100	0.5	6	4.51843625971007	416015.778843213
15	100	0.5	6	3.73461736510622	6756729.3965289
15	100	0.5	6	3.81114111807921	3179.91608045498
15	100	0.5	6	3.6732481006268	1732844.0984975
15	100	0.5	6	3.58629423288843	1565938.48683277
15	100	0.5	6	3.3757132425031	3994380.53711941
15	100	0.5	6	3.3840561344768	3040007.22401262
15	100	0.5	6	3.67677707902224	744829.910470871
15	100	0.5	6	3.29690804292013	5417469.9094722
15	100	0.5	6	3.49565385017947	4407642.03646092
15	100	0.5	6	4.68340243835043	2068142.35544014
15	100	0.5	6	3.39629600004844	6188359.15689034
15	100	0.5	6	3.58351618094475	4954097.89324575
15	100	0.5	6	4.14641866894715	590267.301205729
15	100	0.5	6	2.50158360096724	3725602.65568987
15	100	0.5	6	3.8737716941029	887722.642088454
20	100	0.5	6	3.89874375685168	922579.452660232
20	100	0.5	6	3.3826454078523	2729.94604205959
20	100	0.5	6	4.30705775307908	698015.125192308
20	100	0.5	6	2.95935493897677	234.527638049063
20	100	0.5	6	3.48414658288851	69228.5210048018
20	100	0.5	6	3.79681134924668	566749.649819015
20	100	0.5	6	3.89657384394991	9085.22706394403
20	100	0.5	6	4.1422830251185	1291340.69779359
20	100	0.5	6	2.65400292643597	29364.669108562
20	100	0.5	6	3.38067549001375	4424.38013806168
20	100	0.5	6	3.10518491185209	466.989682470426
20	100	0.5	6	4.25693011028632	36705.8816783934
20	100	0.5	6	3.38387609565453	3945.92522362611
20	100	0.5	6	3.77927178403091	311525.412683347
20	100	0.5	6	4.10449284613909	606621.885672421
20	100	0.5	6	3.5822504801998	29916.2047813984
20	100	0.5	6	2.94243049950289	298984.580025574
20	100	0.5	6	3.21878473057161	1335.95871536329
20	100	0.5	6	4.49357275589714	544343.491105087
20	100	0.5	6	3.68825811553966	465371.501704224
20	100	0.5	6	3.69221508411362	592607.093855911
20	100	0.5	6	2.71406972989597	38295.1476851165
20	100	0.5	6	3.87803399689163	179340.268810245
20	100	0.5	6	4.35147831496173	1019268.03419691
20	100	0.5	6	2.9625312010219	153485.729826169
20	100	0.5	6	3.32573684166973	529.359352219379
20	100	0.5	6	3.84930685812749	4734.84837631471
20	100	0.5	6	3.27907078933102	1159.66643251953
20	100	0.5	6	3.86119337690204	2576.47345258696
20	100	0.5	6	3.76159875918237	318696.011071973
20	100	0.5	6	2.92378944920305	80236.4367250208
20	100	0.5	6	2.75462985760919	7312.37890607619
20	100	0.5	6	3.75588205309032	1268.30272666896
20	100	0.5	6	4.33557595908071	286220.815001153
20	100	0.5	6	2.50788107008521	19616.2659173379
20	100	0.5	6	3.88749662882756	762180.505140453
20	100	0.5	6	3.95498567859922	367944.866515141
20	100	0.5	6	4.17254247471027	419895.154096422
20	100	0.5	6	4.89666866630502	297241.893045708
20	100	0.5	6	3.38199787611754	5174.29380572139
20	100	0.5	6	3.93078613771818	151828.482120933
20	100	0.5	6	3.70236237335608	1766220.97594056
20	100	0.5	6	3.76855300900385	254734.287721589
20	100	0.5	6	4.69015795645019	380925.341826595
20	100	0.5	6	2.80644709437248	90.065723579483
20	100	0.5	6	3.7399832905959	445834.031043394
20	100	0.5	6	3.31910307531797	129495.675143648
20	100	0.5	6	2.4428343665422	66014.9646900279
20	100	0.5	6	2.67388578970153	5253.03217165848
20	100	0.5	6	3.34825187942637	687.366880227048
20	100	0.5	6	2.8487471848902	15299.3782422859
20	100	0.5	6	2.94863212848077	309.451510403864
20	100	0.5	6	3.41855917146705	12689.5563534153
20	100	0.5	6	3.80442584202766	471219.231916729
20	100	0.5	6	3.94680837010694	129565.953319067
20	100	0.5	6	4.2971119858962	1293339.94369081
20	100	0.5	6	3.77018005921545	101262.10697343
20	100	0.5	6	2.91164306905296	9004.42991262511
20	100	0.5	6	3.05881399198285	354.518689602883
20	100	0.5	6	2.74951229323429	1842.46284177921
20	100	0.5	6	3.79991121187306	1125497.67882517
20	100	0.5	6	3.65962591429812	12186.8614605191
20	100	0.5	6	4.30379237875562	27829.1223271145
20	100	0.5	6	3.84136253454651	482912.305262386
20	100	0.5	6	4.83771628990689	191686.416224906
20	100	0.5	6	2	33567.3143569024
20	100	0.5	6	3.85670575400813	469203.008068645
20	100	0.5	6	4.07803288361541	55596.7297975415
20	100	0.5	6	3.0638103357911	321.943908458568
20	100	0.5	6	4.16167496187918	339836.599746856
20	100	0.5	6	3.77127195067507	1187779.10896502
NA	NA	NA	NA	NA	NA
20	100	0.5	6	3.15097822013542	258.413759416219
20	100	0.5	6	2.76045600170306	19242.3864740187
20	100	0.5	6	2.39081191546132	14217.0572850483
20	100	0.5	6	3.43824307183543	3570.66261740221
20	100	0.5	6	3.22969369978435	333718.12271216
20	100	0.5	6	4.25911385368828	430898.242142235
20	100	0.5	6	3.53033050236356	677870.095444885
20	100	0.5	6	3.43639566278083	755.070767287148
20	100	0.5	6	2.71675319455338	931.479461072473
20	100	0.5	6	4.26480432272526	167267.414694724
20	100	0.5	6	3.01216143255062	792735.56525734
20	100	0.5	6	3.90281725151136	14115.5038438369
20	100	0.5	6	2.99999563569318	121.266296752977
20	100	0.5	6	3.97657411805636	211856.110707529
20	100	0.5	6	2.52367344663761	2934.06339259894
20	100	0.5	6	3.436471135695	12840.8845185138
20	100	0.5	6	3.34876956027854	160341.978276028
20	100	0.5	6	3.13352152648454	8401.18124076087
20	100	0.5	6	3.12091619833543	13745.6673430046
20	100	0.5	6	2.62970678540587	4989.34969988136
20	100	0.5	6	4.09424630835418	255950.262062448
20	100	0.5	6	3.20133685180432	56728.0534243011
20	100	0.5	6	3.20084713170522	9558.61245904054
20	100	0.5	6	3.0548339191344	85488.5831737109
20	100	0.5	6	3.55356012122643	975275.915641573
20	100	0.5	6	3.36487679206758	1783.88778319864
20	100	0.5	6	3.75149278103052	388947.213198618
20	100	0.5	6	3.41210707996767	4964.64303617379
25	100	0.5	6	2.57742063745952	19513.8428821258
25	100	0.5	6	2.61345175639822	456.61161417229
25	100	0.5	6	2.75744671033947	3730.33162118652
25	100	0.5	6	1	11.2613028229637
25	100	0.5	6	2.36840681213448	2259.72420253375
25	100	0.5	6	1	22811.254945064
25	100	0.5	6	2.76560017462523	194.64959821794
25	100	0.5	6	2.64395159796664	6133.13612016689
25	100	0.5	6	2	31877.323408734
25	100	0.5	6	2.64280754099722	322.206150021006
25	100	0.5	6	1	15.5640550265853
25	100	0.5	6	2.30487690992707	1109.24038188331
25	100	0.5	6	2.0524486359761	965.804478737229
25	100	0.5	6	2	27007.8578444373
25	100	0.5	6	2.620245804154	7100.47542865985
25	100	0.5	6	2.08954924808545	5020.33974299841
25	100	0.5	6	1	40790.2709148232
25	100	0.5	6	2.26432183592907	137.584729863367
25	100	0.5	6	2.99663826969042	3138.54423621891
25	100	0.5	6	2	39838.1989955669
25	100	0.5	6	1	28908.7605273445
25	100	0.5	6	2.0964062478467	15693.6706433772
25	100	0.5	6	2.40085596351699	10904.2311317981
25	100	0.5	6	3.12989135531215	1038.28919216892
25	100	0.5	6	1	36846.8276249342
25	100	0.5	6	2.33800764339419	71.5631954555213
25	100	0.5	6	2.27260674554885	56.5737998140448
25	100	0.5	6	2.36041633833537	667.125278744511
25	100	0.5	6	2.20882437369827	156.256816280212
25	100	0.5	6	2.29262962225284	8911.6840583456
25	100	0.5	6	1	28548.8174892217
25	100	0.5	6	2.04126482644303	3009.37065841821
25	100	0.5	6	2.32666100972754	104.788022476156
25	100	0.5	6	2.57537286780548	1500.63613684741
25	100	0.5	6	2.53191343852901	8927.22584978953
25	100	0.5	6	2.89468684383138	9029.76148132009
25	100	0.5	6	2.61056085567981	7498.14153798289
25	100	0.5	6	2.41789800125709	4674.91954488298
25	100	0.5	6	2.61173949019521	223.367529218049
25	100	0.5	6	2.53692989181689	60.6787497798634
25	100	0.5	6	2.3222757911548	8962.10262244107
25	100	0.5	6	2	18280.3611980318
25	100	0.5	6	2.03454318003693	19872.2980308152
25	100	0.5	6	2.71245670441862	592.398880423296
25	100	0.5	6	2	68.9087769519646
25	100	0.5	6	1	25897.321324911
25	100	0.5	6	2.12489755452843	11165.8031679828
25	100	0.5	6	2.41579647995344	30954.7072632916
25	100	0.5	6	2	5412.71699563482
25	100	0.5	6	1	16.2498327835491
25	100	0.5	6	2	3119.40267300715
25	100	0.5	6	1	14.9067738580613
25	100	0.5	6	2.61272547841358	1261.77254123668
25	100	0.5	6	2	29996.0113526264
25	100	0.5	6	2.97244467527962	828.320297408886
25	100	0.5	6	3.18293669786387	2495.12105287831
25	100	0.5	6	2.61482363683333	608.75697794341
25	100	0.5	6	2.10331480189276	1360.71768054524
25	100	0.5	6	2.15174527675081	2553.77041336544
25	100	0.5	6	1	5800.8411491579
25	100	0.5	6	2	21927.5392986115
25	100	0.5	6	2.42650308562652	455.57609324451
25	100	0.5	6	2.22171762663672	1133.83223488834
25	100	0.5	6	2	12976.8894859419
25	100	0.5	6	2.76502119676569	717.791435492587
25	100	0.5	6	1	42091.365886559
25	100	0.5	6	2.07820745493795	12071.9399662906
25	100	0.5	6	2.14034208824585	743.646460070627
25	100	0.5	6	1	9.40112431533092
25	100	0.5	6	2.52019874955408	9485.91180656162
25	100	0.5	6	2.5707397932754	32849.2667393368
NA	NA	NA	NA	NA	NA
25	100	0.5	6	1	16.5880594573321
25	100	0.5	6	2	22216.8807782711
25	100	0.5	6	2	24373.0111442555
25	100	0.5	6	2.22974057240856	375.724768677196
25	100	0.5	6	2.16278826601886	21870.015860073
25	100	0.5	6	2.64895149000045	2596.06037897873
25	100	0.5	6	2.59888879578935	3786.28624032121
25	100	0.5	6	2	856.100932057505
25	100	0.5	6	2	1302.09651207892
25	100	0.5	6	2.49450463435809	218.438088295717
25	100	0.5	6	2.06680657148557	25793.1182940858
25	100	0.5	6	2.34665398227207	146.934468805873
25	100	0.5	6	1	9.69569583136684
25	100	0.5	6	2.09172832002535	9175.21432128514
25	100	0.5	6	1	8.26493863463448
25	100	0.5	6	2.00000124509258	3947.01903433487
25	100	0.5	6	2	4560.35775501078
25	100	0.5	6	2.17990564971434	2095.08377705201
25	100	0.5	6	2.61650701301499	554.992761418956
25	100	0.5	6	1	9544.62728249772
25	100	0.5	6	2.47948164930394	9249.02334703346
25	100	0.5	6	1	14515.0628372796
25	100	0.5	6	2.61352744556453	264.771552032328
25	100	0.5	6	1	36107.1105189339
25	100	0.5	6	2.03921712334908	9001.71501194409
25	100	0.5	6	2.72737669330078	1119.06417857722
25	100	0.5	6	2	24881.5029370819
25	100	0.5	6	2.54301237569302	332.920343823166
15	100	1	6	4.2919985992221	1861926.21260619
15	100	1	6	3.72591272232847	3404156.44035729
15	100	1	6	4.09927179876181	27974613.6382121
15	100	1	6	4.51729484375675	279900.652524532
15	100	1	6	3.8408493879546	8716539.06734358
15	100	1	6	3.30423990121681	24327542.1074685
15	100	1	6	4.0188281687865	4331366.58323688
15	100	1	6	2.72190700319294	16321397.3229099
15	100	1	6	2.83168898723955	13419087.4555331
15	100	1	6	4.15827100457988	2758009.50560288
15	100	1	6	4.87134574840179	419605.321850555
15	100	1	6	4.46993710442014	6919245.52441038
15	100	1	6	4.73706100063968	3326078.8004055
15	100	1	6	3.25512081571624	12650817.1359239
15	100	1	6	3.37632915684336	19839773.949175
15	100	1	6	3.50988129542832	12995038.9329772
15	100	1	6	2.68199120435689	10459950.2403752
15	100	1	6	4.8338206101561	2908118.24407201
15	100	1	6	3.83030844454852	1604164.16888268
15	100	1	6	3.23345023025339	14532364.4556157
15	100	1	6	4.04877387018122	9942899.88966116
15	100	1	6	2.60759670265989	10684618.5565439
15	100	1	6	2.37830016218482	9888597.74132991
15	100	1	6	2.57820888076109	17717973.1871025
15	100	1	6	2.67338881338581	10876615.3455349
15	100	1	6	4.50169561779765	1397411.22670759
15	100	1	6	3.96672627393427	5957376.5566916
15	100	1	6	4.43958740900321	1381276.15402805
15	100	1	6	4.18069249153025	3640173.20403701
15	100	1	6	3.2200833752468	20995546.6589757
15	100	1	6	3.22083694177579	12002994.6358465
15	100	1	6	2.77200575067536	5081639.68500116
15	100	1	6	4.13294749559644	2267180.60034516
15	100	1	6	3.62297624866777	14804283.3714872
15	100	1	6	3.59124756740568	17565.8346010434
15	100	1	6	3.49550843117919	3635306.79677965
15	100	1	6	3.4307132871054	16703773.3414249
15	100	1	6	3.36566120172662	11619073.9807502
15	100	1	6	4.40913406428193	21717708.7263421
15	100	1	6	3.85875021543297	9965869.82926803
15	100	1	6	2.40141246785351	14354156.108282
15	100	1	6	2.35171231934666	18700174.9497203
15	100	1	6	3.2405259909608	21783973.2699471
15	100	1	6	4.29862866494543	15186432.3235784
15	100	1	6	4.43401442484822	13441.7791147157
15	100	1	6	3.25030391905002	20687792.9762525
15	100	1	6	2.40547581059067	14828158.0902721
15	100	1	6	4.60956746778358	432107.274502351
15	100	1	6	3.98091359783747	3864167.97642226
15	100	1	6	4.77803611817081	4887615.581726
15	100	1	6	2.31319742127034	8104972.36681168
15	100	1	6	4.49497514001017	47081.1097546193
15	100	1	6	4.70444658811833	4255257.15467807
15	100	1	6	3.31611174691702	12965552.3208134
15	100	1	6	4.16755460244091	1226772.38359883
15	100	1	6	4.06239779709015	37078791.7980438
15	100	1	6	2.70277674341254	7818810.16983245
15	100	1	6	3.54742564052446	9864251.52463362
15	100	1	6	4.62128014260676	255750.493898576
15	100	1	6	4.52521753540526	983259.481690887
15	100	1	6	3.23235533440273	32407387.1323243
15	100	1	6	3.7383059947619	2340280.43115434
15	100	1	6	4.07808523542827	1777896.18351987
15	100	1	6	4.23862466036967	1196813.39677573
15	100	1	6	4.27486035617536	12821732.6941423
15	100	1	6	2.46182919123698	17075098.36237
15	100	1	6	3.40296268720737	21053227.413477
15	100	1	6	4.69234210386904	13389823.0235944
15	100	1	6	4.59803124917291	490990.943155258
15	100	1	6	4.03553917169089	17590244.5779648
15	100	1	6	3.25222423044362	27676010.2756171
NA	NA	NA	NA	NA	NA
15	100	1	6	4.76291050178934	1874674.74535241
15	100	1	6	4.28444536897838	771329.50076209
15	100	1	6	4.59820653503996	234012.631593833
15	100	1	6	4.81571991262007	4501305.23801874
15	100	1	6	2.36926187325739	19372176.9397601
15	100	1	6	3.61379816225069	5096870.6572051
15	100	1	6	3.20528063350205	15443601.0510106
15	100	1	6	4.16642456061372	949662.331677056
15	100	1	6	4.44114831075722	554558.510088983
15	100	1	6	3.55191058340814	17267589.5877506
15	100	1	6	3.44111517390635	1273369.09069825
15	100	1	6	4.76484623710553	7385313.65218425
15	100	1	6	4.43818237505018	442299.908692079
15	100	1	6	3.50742668236826	18594458.0772208
15	100	1	6	4.54388793068317	79895.0847824556
15	100	1	6	3.36887461861701	4406425.99573041
15	100	1	6	3.84444083571318	1417043.57876836
15	100	1	6	3.84137455630802	13595161.8584715
15	100	1	6	2.79937638008758	12146960.8407869
15	100	1	6	3.89339749311761	942586.908561471
15	100	1	6	4.07982661437285	15998086.8252576
15	100	1	6	3.34245980294506	12497914.9609353
15	100	1	6	4.87174451710145	3170869.20063227
15	100	1	6	2.77697068348718	8105914.47593837
15	100	1	6	3.48283978880946	12668725.6908059
15	100	1	6	4.10336028224523	977884.269241349
15	100	1	6	2.54530586112429	12627741.452451
15	100	1	6	3.94977916665542	899518.075993525
20	100	1	6	4.05020293889491	894907.587897094
20	100	1	6	4.05009103512737	539147.45669042
20	100	1	6	4.35326781820016	4809380.49681194
20	100	1	6	3.02706404995338	334.594949891853
20	100	1	6	3.9715435217837	3042892.95572979
20	100	1	6	3.53487336201602	9060507.64183255
20	100	1	6	4.85196001690863	980441.509839325
20	100	1	6	3.94688959875379	9565865.49033547
20	100	1	6	3.785612400427	3234582.52658488
20	100	1	6	4.2153217818685	169481.857339711
20	100	1	6	3.29012128282341	1498.61752963324
20	100	1	6	4.66142793658136	118398.918608798
20	100	1	6	4.57311628530889	283024.39498772
20	100	1	6	3.5250394990073	4981808.71816156
20	100	1	6	3.76765260456768	5850257.4330001
20	100	1	6	3.96193237127592	2942659.42924226
20	100	1	6	3.4221979379575	3831530.59777172
20	100	1	6	3.84566329281337	10829.0360167855
20	100	1	6	4.55417568391905	1885981.39194441
20	100	1	6	3.42737853522976	5103065.32195214
20	100	1	6	3.9748241680135	2227756.36208516
20	100	1	6	3.62713044001181	3347139.39940406
20	100	1	6	3.51770287125453	5863896.30431079
20	100	1	6	4.18104910395971	9301009.66395791
20	100	1	6	3.53317345247585	3449485.41996622
20	100	1	6	3.30451637924516	939.889929679951
20	100	1	6	4.345691511491	810640.334590743
20	100	1	6	3.38924717051462	1301.1625995465
20	100	1	6	4.59306423967128	218005.583981293
20	100	1	6	4.20139092980721	2649533.52013948
20	100	1	6	3.51515779218834	6194551.81343009
20	100	1	6	3.9067076062294	668025.713794293
20	100	1	6	3.77078297032131	17794.1928881613
20	100	1	6	4.1639515410563	4506085.3250081
20	100	1	6	2.52026352128897	17579.6922438253
20	100	1	6	4.31048441826811	443852.755386149
20	100	1	6	3.82118345618506	4384525.02433748
20	100	1	6	4.41400469291586	1521362.75182113
20	100	1	6	4.61057276409688	2689794.65603312
20	100	1	6	4.765970761564	373947.989700572
20	100	1	6	4.16514818131591	1919166.42360717
20	100	1	6	3.45772510779106	9785559.00308922
20	100	1	6	3.62084818596595	5840432.27402133
20	100	1	6	4.40354682882675	5420095.54198181
20	100	1	6	2.82393132136862	223.307549568289
20	100	1	6	3.43087923474876	8438370.55756351
20	100	1	6	3.58506906098487	5651696.06369863
20	100	1	6	3.15629284427876	342.315094642463
20	100	1	6	3.78740948617288	498477.430575158
20	100	1	6	3.47307163919029	1694.34138830604
20	100	1	6	3.58173436727013	1855430.5096869
20	100	1	6	2.96145479486403	427.548511587638
20	100	1	6	4.69748751044372	598833.738826983
20	100	1	6	3.50591169015581	5120266.68379746
20	100	1	6	4.23259918513322	426007.228818343
20	100	1	6	4.16224769471044	9155365.19162154
20	100	1	6	3.99990895274295	2678244.85152268
20	100	1	6	4.15213792753828	447102.604966619
20	100	1	6	3.2244838191949	388.348082743123
20	100	1	6	3.05921767117667	1291.4586931393
20	100	1	6	3.53902558463624	11227444.6396758
20	100	1	6	4.81193257139326	437898.772388253
20	100	1	6	4.9677314041158	317749.147272008
20	100	1	6	3.93349982545103	483111.815429557
20	100	1	6	4.64968297445091	2397075.59613866
20	100	1	6	3.38137030649345	4448651.33450515
20	100	1	6	3.69592293878199	4867156.99495072
20	100	1	6	4.67174055373797	1209822.69027124
20	100	1	6	3.01751813261697	478.720508574903
20	100	1	6	3.89053368193106	6152563.02757461
20	100	1	6	3.6931108060805	11543493.4562594
NA	NA	NA	NA	NA	NA
20	100	1	6	3.82077423700512	4824.90296665111
20	100	1	6	2.98078180399877	13290.4456283077
20	100	1	6	2.98402571923577	365.173924282785
20	100	1	6	4.68227034654188	272425.967535016
20	100	1	6	3.38809435838997	3683591.03533005
20	100	1	6	4.23541338690486	2822638.97552983
20	100	1	6	4.11074230260056	3124879.46768238
20	100	1	6	3.5288116097167	4620.62213300423
20	100	1	6	2.7311401159198	897.374533958489
20	100	1	6	4.72297127903958	2204474.63004199
20	100	1	6	3.49324207453994	704255.072735546
20	100	1	6	5.13342356782969	240810.182218739
20	100	1	6	3.00559101889846	208.281920743725
20	100	1	6	3.85202545649642	5789043.07216144
20	100	1	6	3	1474.3448803758
20	100	1	6	3.95325134495361	105796.534026109
20	100	1	6	3.56087479282074	928635.424290854
20	100	1	6	4.12637661355012	1446595.05987162
20	100	1	6	4.14749494241698	1140838.1164549
20	100	1	6	2.62215014703016	6422.6760388789
20	100	1	6	3.99921824741219	6071110.13048185
20	100	1	6	3.62103325303942	3721207.07507642
20	100	1	6	4.45359751409954	57014.7503502093
20	100	1	6	3.68590514459432	4078304.27985215
20	100	1	6	4.35257050172976	1015388.6711421
20	100	1	6	3.6989773431061	10556.2169878486
20	100	1	6	3.50296924587476	4955195.72796997
20	100	1	6	3.42348633650243	12832.3532245986
25	100	1	6	3.77476096390139	39924.8272605933
25	100	1	6	2.68632892590496	524.787641805395
25	100	1	6	3.4688868348599	19221.2002567983
25	100	1	6	1	22.604756893173
25	100	1	6	2.87327226573281	11330.8120568508
25	100	1	6	3.19468362863409	60741.2845513776
25	100	1	6	2.94424730428537	1091.73178176557
25	100	1	6	4.36787644250232	523088.304804954
25	100	1	6	2.15624075858955	31488.919059797
25	100	1	6	2.70452334280021	777.334381192881
25	100	1	6	1	31.2315560608953
25	100	1	6	2.89045868463307	1033.20492933143
25	100	1	6	2.70794063311336	1692.73464182486
25	100	1	6	3.05145386820135	48128.1672088519
25	100	1	6	3.94306585312028	92686.4313027772
25	100	1	6	2.69805967317645	8608.23130828196
25	100	1	6	2.42227434503473	50308.5404339675
25	100	1	6	2.66649009277539	149.53724853495
25	100	1	6	3.63569097314793	21572.036381728
25	100	1	6	3.65408834105851	623381.93053297
25	100	1	6	2.32513448212917	15961.6724984756
25	100	1	6	2.84053546614712	40648.6953309777
25	100	1	6	2.560972806301	25262.7809370616
25	100	1	6	4.29141356968722	93706.5054516689
25	100	1	6	2	54032.3555662782
25	100	1	6	2.3529474439407	315.985159916195
25	100	1	6	2.36657887783911	375.908555858177
25	100	1	6	2.62861668121003	222.113510413453
25	100	1	6	2.80439325228363	186.316013094707
25	100	1	6	2.5733184661155	11596.7246309377
25	100	1	6	2.4726938382533	51386.3507603021
25	100	1	6	2.22505159234224	7942.73115842261
25	100	1	6	2.232819938285	402.250562192597
25	100	1	6	3.30805482805688	10674.6204118585
25	100	1	6	2.4912464109801	8910.93228871568
25	100	1	6	3.99245994627565	233076.389307662
25	100	1	6	3.85623131255436	302557.54245506
25	100	1	6	2.53360895861853	5136.50709903192
25	100	1	6	3.2006944651787	6040.38353706469
25	100	1	6	2.54864193083366	625.77036821356
25	100	1	6	3.05501658634713	19890.719936737
25	100	1	6	3.79049085503979	515272.142837311
25	100	1	6	2.98550586105605	30601.798909854
25	100	1	6	3.88285561647116	11772.1972559106
25	100	1	6	2.24828342341885	158.348173502612
25	100	1	6	3.71059033001373	86698.2688766335
25	100	1	6	2.657124032275	22690.7244076376
25	100	1	6	2.19074784491766	220.382696896485
25	100	1	6	1	1334.45762939155
25	100	1	6	1	32.5730506730065
25	100	1	6	2.35329083111162	22937.7759130753
25	100	1	6	1	29.5996443069483
25	100	1	6	2.93586435736651	2123.45602481844
25	100	1	6	2.82254577932429	91404.3544530411
25	100	1	6	3.46759025908539	7456.18232611279
25	100	1	6	4.476723382698	162227.461826152
25	100	1	6	3.16211345009612	11847.4371587034
25	100	1	6	2.24258437612951	4605.81819927783
25	100	1	6	1	24.9474284388804
25	100	1	6	2	2857.95472058414
25	100	1	6	3.83414631561837	260657.330484079
25	100	1	6	3.20396184429719	669.372181166996
25	100	1	6	3.21174487467878	1807.30434002857
25	100	1	6	2.01923441096587	15436.6410775802
25	100	1	6	3.53933161554264	7755.56745300424
25	100	1	6	2	55289.9707755103
25	100	1	6	3.74528861785962	91733.3461375863
25	100	1	6	2.88823514150062	540.444570866412
25	100	1	6	1	18.8653227799374
25	100	1	6	3.05909869410493	14258.195325284
25	100	1	6	3.77743420668414	217134.559515073
NA	NA	NA	NA	NA	NA
25	100	1	6	2.21520779663507	91.3250788672091
25	100	1	6	2	38675.455540415
25	100	1	6	1	1265.92345515748
25	100	1	6	2.64383612913455	509.865654619595
25	100	1	6	2.69359577958711	32203.5954284776
25	100	1	6	3.71245862584041	33491.3605756246
25	100	1	6	3.29275003866507	3459.59377813783
25	100	1	6	2.085848332107	951.84311023517
25	100	1	6	2	1302.07283053319
25	100	1	6	3.18775844363484	2424.11238927267
25	100	1	6	3.03851706876937	255683.005920753
25	100	1	6	3.11069399273586	237.237135431287
25	100	1	6	1	19.4478180645658
25	100	1	6	3.25614933492056	28858.6489508217
25	100	1	6	1	16.5896507059682
25	100	1	6	2	83923.772313718
25	100	1	6	2.55610788545212	6523.99076838368
25	100	1	6	2.68785964202818	4276.42899965072
25	100	1	6	2.95775559641179	1074.42588548304
25	100	1	6	2.16337504028606	4305.35799364584
25	100	1	6	3.06933546973394	25541.4433951267
25	100	1	6	2.63735772574107	10287.9868895574
25	100	1	6	2.60470005910732	449.668482318385
25	100	1	6	2.52573381439358	43912.6180468703
25	100	1	6	2.75576776743745	9810.20236122984
25	100	1	6	2.80023324547131	1359.73753916507
25	100	1	6	3.0268698209721	58517.1994606871
25	100	1	6	2.6656510837276	3011.18738933567
